V1	V2	V3
X4_6_11	11.6981283480702	8.27597465657728	-17.8531288755026
X4_11_12	11.8469084034899	10.5341612708543	-11.8142807786707
X4_7_12	12.2298275901135	5.67408812714486	-23.2785088353401
X4_7_13	9.30810881150876	8.8665645397389	-13.620353143715
X4_13_13	13.308582781044	8.01459693077384	-16.3559973643845
X4_25_14	14.992188266607	7.58741458688086	-20.4208333686416
X4_4_14	6.41771437900617	3.38185989953915	-5.90963830941866
X4_5_14	6.24354792978426	8.1973852235532	-12.0640005194702
X4_11_15	9.32602957575708	5.60511218545456	-7.43156735222712
X4_26_15	9.17929075782237	11.4014909253757	-11.2151485208807
X4_5_15	15.0468294124932	6.57526695460858	-23.213699685981
X4_5_16	14.2090927808235	4.80607005425614	-23.665471003391
X4_11_17	10.5530305875583	9.57955471692772	-10.1340300695542
X4_11_18	9.20420284214053	8.24213975045033	-8.44801240422736
X4_5_19	13.8427780822157	5.97742648274324	-23.4203324369499
X4_10_20	-1.68028311412646	-1.44301298268442	8.44293297892032
X4_25_20	10.5521311143891	10.2098197509749	-13.2310817342595
X4_23_21	9.66993591956475	7.87827681552075	-11.1237799168547
X4_22_22	7.85207817625	11.5204948790762	-10.1126776935708
X4_23_22	6.64677955064899	2.33071484710604	-4.60495435542089
X4_22_23	10.7572664301037	9.89629266758954	-9.91668317210767
X4_16_23	12.3840452367747	5.10199959069236	-22.3049649281639
X4_11_24	9.75425504720268	9.44026830917097	-12.3080368560699
X4_9_24	14.0998688925463	5.00971387598994	-22.6372830889708
X4_17_24	14.7717492402166	5.87368979604754	-22.9164698783092
X4_12_24	7.66178909809502	2.94448039938412	-10.0997261241677
X4_12_25	13.9346172888719	5.56139821256715	-22.1627050405103
X4_16_27	14.2325870716789	6.18331578083844	-22.3160761317216
X4_19_28	1.06982685392882	-3.87446386102698	8.57273945010339
X4_18_28	2.36936990124223	-4.61329533435728	7.49351189939155
X4_17_28	9.63397299252933	2.83576985493417	-7.79577544029773
X4_16_28	4.28211216989833	-0.352594442084202	3.7189110846293
X2_22_10	12.4207986783385	7.82442238689715	-19.166058263182
X2_26_15	13.5136090294717	5.51511584029806	-24.0911884170371
X2_18_17	12.7936968274117	5.84883074223016	-22.8457180510763
X2_12_17	12.5923328168634	7.19422608769147	-16.4183617361459
X2_26_18	7.8054166832211	5.19059329330559	-19.7524283291251
X2_26_19	9.25904119310411	11.8705930536919	-11.6795341438484
X2_11_22	13.4807653399884	5.23101691082679	-20.3759928633286
X2_23_22	13.3069404571068	6.71258521895146	-22.1793071072886
X2_8_23	15.0627676662727	7.30282550256501	-22.9475777196482
X2_27_23	8.23947877831774	5.92623581928838	-7.82321379698239
X2_26_23	-9.56705975682584	-2.85248294155969	11.1094783923902
X2_9_24	11.9996602701294	5.96947099919619	-22.0959077848874
X2_8_24	15.2703099516115	6.6397804457447	-24.0811555056925
X2_20_25	12.6348266578636	7.2032725772131	-19.9875045965082
X2_24_25	13.5191178760196	4.79925737365419	-24.5481103338786
X2_11_26	12.0835192392019	7.087857330055	-19.0375688503009
X2_10_26	1.65627328292756	-3.75238320607585	-3.16413351565538
X2_19_26	12.350724814208	7.31681991213832	-20.1603515407367
X2_17_27	14.28621871434	5.77363977632564	-24.5391154806192
X1_17_4	13.440952135505	4.71719673047	-22.0234062779334
X1_21_6	12.7099566397587	6.7551673107089	-23.3957096810642
X1_23_6	10.9212600533742	6.83179534969572	-22.5826578981705
X1_20_6	14.0195835312025	6.93586229840672	-23.9433375649558
X1_17_6	10.1795421946356	9.45261122035165	-11.3656409415884
X1_16_6	11.6887925850997	7.77181121095987	-16.3647440448855
X1_16_7	12.9992255557043	5.34251873739905	-20.4770286678878
X1_15_7	12.4095107864104	6.64072594228093	-22.312669613899
X1_17_8	12.2583001940379	5.29418380854944	-23.961254714594
X1_11_9	9.92078681914547	5.98606785472842	-15.7546351107164
X1_28_11	12.8440363211347	7.31399506464229	-24.3293330003965
X1_22_14	2.87008713220856	7.20134157102514	-16.0965293704288
X1_28_14	12.9155702312139	5.93261274210202	-25.6517695746399
X1_29_14	14.5221951096778	7.24317968991944	-23.9956983485105
X1_25_14	12.6171091642643	6.63909162045515	-24.042445421102
X1_16_14	9.223744059455	4.89851023404805	-19.2816437377246
X1_22_15	8.04197772397975	0.655808969620412	-4.91564619836802
X1_29_15	13.3750291734646	7.72396257195425	-24.3137802916176
X1_28_15	13.2684821859676	7.88854100172402	-23.1066798263457
X1_10_16	6.95893246819158	7.2009269167856	-9.08966413943879
X1_8_17	12.9137118491275	8.09597468317058	-17.4814413242488
X1_21_17	13.1376838443133	4.34853810642335	-23.3021853319119
X1_27_17	12.2393240119176	7.64019737140637	-23.4465886761279
X1_27_18	13.7086445099325	6.25033452857224	-24.9105754846442
X1_23_18	9.51433739816285	9.30680154172951	-18.0756369571281
X1_23_19	11.7500499565885	8.2601699534344	-19.6931763755083
X3_12_6	11.421958220364	2.50545689980499	-8.11691932860752
X3_14_6	10.1234771837849	3.60889704176192	-12.6316885985391
X3_18_7	11.8941376495325	0.854191319201997	-8.29598034663971
X3_17_7	10.9211860247547	9.6565146083327	-11.9214418832065
X3_17_8	15.0263429694787	6.06187398152532	-21.5038156682773
X3_20_8	9.36289258354233	2.48770788048046	-11.3171697277377
X3_21_8	14.229928526815	5.86101915472966	-21.2250543336379
X3_18_8	14.4217908181312	5.83266273641423	-20.2123141237765
X3_13_9	14.2385234518595	5.04664359702431	-20.1906171783052
X3_12_10	14.3813853627545	5.01803117979035	-21.2466181764475
X3_13_10	14.4096667761787	5.06296256259053	-21.5923464870661
X3_26_11	13.2566288442706	7.87645200463376	-17.889546377264
X3_9_12	4.31473687423569	5.87386026623699	-2.64016614796991
X3_26_12	8.66493493428739	1.41485479348248	-8.84491693129041
X3_9_13	7.342941305705	6.25927802529798	-8.27080597051877
X3_27_14	13.3110587223961	5.50641173767101	-22.6639735432539
X3_28_15	14.4614044474215	7.44475168513577	-20.8614647173733
X3_7_15	15.200994262555	7.33313471765447	-21.6726458655325
X3_24_15	10.6692150702495	6.12351679976774	-16.9548691201619
X3_27_15	14.6775604965554	5.89172142301991	-23.8721876167868
X3_7_16	10.4467540804979	8.76813079048382	-11.114780249511
X3_20_19	11.4008139501473	4.90486276238535	-22.11369597972
X3_20_20	8.64167356278681	12.9203493659137	-11.2677489120765
X3_8_22	10.3380904533637	5.92175114185152	-18.6729862585862
X4_9_7	-1.47651200872442	-11.3321500694876	13.9439432490998
X4_8_7	4.56810500741955	-10.6721030260997	15.7574418858108
X4_10_7	0.299220005341796	-8.18283973023524	15.8873605311628
X4_11_8	0.772417637065693	-11.6322705702528	12.521574901272
X4_7_8	-1.47956354942842	-12.4792033504365	10.5180804750332
X4_8_8	3.7419290206088	-10.4151724295706	16.2321118181644
X4_9_8	-4.52536428917449	-10.7095357142676	14.3633915505833
X4_10_8	4.55264261987193	0.184193373591316	-5.376954031507
X4_11_9	-4.31373986917026	0.0241622014453055	-15.7540472917341
X4_9_9	-3.7548467965035	-8.43524239448317	17.0577576811439
X4_10_9	-7.36112596748748	-9.2490702570475	3.61172606753756
X4_7_9	8.28687801001739	3.89184037726755	-3.70498947874975
X4_6_9	7.92987665256747	4.93176846974626	7.53366255231219
X4_13_9	-9.44747752913671	-2.08260380256385	-4.94998660999589
X4_12_9	-10.7984635453894	1.29879294592996	-7.56211493391944
X4_11_10	7.8937688527644	12.5993193058402	-10.1185212696604
X4_10_10	-8.12057814641025	-10.0191200481693	9.70492678363946
X4_9_10	-0.44291273113634	-4.56359903619741	7.71232691623311
X4_7_10	8.25690799474841	4.70985511865666	-4.76754904883988
X4_18_10	-7.15956389099607	-0.324735855288007	-5.71029181538701
X4_17_10	-11.8870672265545	2.27787095577537	-8.5178831346713
X4_12_10	-6.08631079598358	-4.41911951556862	1.59730086617949
X4_13_10	-9.61887931240619	-6.26357438514683	8.05865105365524
X4_6_10	0.2824743802462	10.1578217773902	-11.8785382964684
X4_14_10	-9.28790734242962	8.77499254740124	-12.193905731488
X4_22_11	-1.89263135221943	-9.76237038086865	14.0670081001317
X4_20_11	-8.92745448114232	-3.73339747145111	14.6615721581489
X4_21_11	-2.21904257519245	4.20016792220054	-16.036373715512
X4_9_11	-1.94605834924388	-6.5557329096778	17.5071879428744
X4_11_11	12.1323703069617	8.18071715826418	-15.0517904467084
X4_10_11	-3.41180457488189	-10.2401131754965	15.3294502265527
X4_19_11	-9.41574162969669	-6.47371875238176	8.20943426027968
X4_7_11	-1.78818017237866	4.94879264270658	-16.525675770228
X4_13_11	-4.11341464147495	-6.27324232078141	16.7308253489884
X4_12_11	-1.49573041434549	-0.282518841228172	18.6128525315324
X4_8_11	-2.53617411891994	-9.34242646239135	17.1693521983398
X4_8_12	7.44617916859703	-4.03632639953257	18.1869120594063
X4_22_12	5.41211883038806	-2.46348575316721	13.6004163652903
X4_25_12	0.446268120918696	3.01512013024053	1.32400427538589
X4_21_12	-6.88412379400707	-6.65247371056646	3.65578196032194
X4_20_12	-9.15836999176099	-0.135310361679657	-5.65124550597826
X4_9_12	10.4640685504828	-10.591647162016	12.2091306362777
X4_10_12	-9.54471052487838	-11.4575745095708	10.5168236341458
X4_19_12	6.45801057862052	10.0249765787291	-0.576754516366267
X4_12_12	-5.3469929215814	-5.70127567815293	12.8546624125115
X4_5_12	6.41717169432006	3.64799986495643	8.79569711092717
X4_14_12	-9.44531806209457	-3.610376972762	-7.2862170757934
X4_13_12	7.71896904880429	12.3696108693697	-7.25564853254599
X4_6_12	10.0499409791686	6.24165820376314	-20.2314829935231
X4_24_12	4.96777094669209	-0.440904175893205	20.4710982542835
X4_23_12	-4.01541029825645	-3.81318883019429	9.34371402823909
X4_22_13	-6.64762587334957	-9.02612348531029	8.10653186867724
X4_21_13	-10.7709451878875	-1.28980138039415	-7.12151774402008
X4_11_13	0.879630016189676	-1.75889087410794	-5.17807300976436
X4_9_13	8.32866975778497	-1.48048406980859	19.7580504446967
X4_10_13	-9.67584203669325	-11.9837701404367	8.07145275705592
X4_8_13	-3.2080593920856	-7.67577775481899	19.0702430729027
X4_27_13	3.61819893724162	7.07613824652796	10.0797439974061
X4_19_13	-11.3283964333926	-3.34664418908483	-7.9258012017629
X4_24_13	0.389121309802722	-2.51779206019211	18.2088198102978
X4_26_13	8.3234754755573	-1.11568849383444	18.9497875920984
X4_20_13	-8.72192058277411	1.90968427879985	-9.6403428813795
X4_25_13	0.30047248890378	10.7964683818498	-6.86039324891073
X4_18_13	-12.2747854704019	-6.4020505404556	3.09741732782765
X4_17_13	-11.7756107574578	-0.470343179611869	-9.8777509991918
X4_12_13	4.1975051791119	1.96574002113464	-7.97652509246143
X4_16_13	-8.53848710184429	-6.83110695236063	5.20353466595845
X4_14_13	-6.79456732699954	-6.13354753522757	7.63560462153005
X4_15_13	-4.372820023864	-5.65452323129453	13.2862772440855
X4_23_13	-6.71166470479904	1.67289460442544	-3.66395079519299
X4_4_13	2.76133585654805	2.57483810860846	7.2620661671338
X4_5_13	3.40150305128937	-0.411258807373494	9.8480140583419
X4_6_13	5.19272743520289	4.55442290148506	-3.33562894423033
X4_11_14	-0.984609534442617	-3.60010477294587	13.7614712850122
X4_21_14	-10.1556544156998	1.14404056816191	-9.07682389222681
X4_19_14	0.143866964496936	-5.00020137676809	12.7201096525682
X4_22_14	2.10112528658594	-7.07550586382035	18.3377554928963
X4_26_14	1.99353741924657	3.0963933029731	12.396239034094
X4_27_14	-0.504716909486652	6.84312233218024	10.9966973566339
X4_10_14	7.45790321776315	4.15038977686108	8.37339272879286
X4_7_14	9.62756676595344	10.2530513956719	-12.7705636774552
X4_9_14	3.97652318435826	-1.82331342652027	15.7409461036089
X4_18_14	4.72750248982505	0.46096479163207	20.0610524226635
X4_24_14	6.57350010644176	5.39457991403196	-1.30551829503882
X4_6_14	10.6981124898988	-8.22316258600453	7.65025493493524
X4_8_14	3.98723063014001	5.75955845558171	10.5012114539349
X4_17_14	2.50704851528318	-3.13620243289434	18.0990987271507
X4_20_14	-7.89798683606167	-4.34417029369143	-6.43293418971362
X4_16_14	1.80088951459546	2.87987688642558	-0.78541119297167
X4_12_14	-0.185908150324668	0.744329870141779	-2.74426111193973
X4_14_14	0.568035032283703	0.659600242275758	19.2593302895634
X4_15_14	-11.484222917654	-3.89821150435936	5.36672943277318
X4_13_14	1.91128763082733	-0.161698519940483	-6.14052655120881
X4_23_14	0.290667690585799	-1.38727080767319	11.4971090845991
X4_22_15	-8.34390090468156	-7.29198930430873	3.90179170436995
X4_6_15	3.46096162349391	10.1276430872552	-6.60385195925406
X4_19_15	-8.34127715870573	1.36718533552774	-10.054517135034
X4_10_15	-1.62384067853358	-6.66103955913113	18.9081783070056
X4_18_15	-10.4023119150965	1.37289145056164	-7.34512349468664
X4_20_15	-6.63396469620474	-4.71927493581478	-7.43948102666896
X4_9_15	5.21289104706805	4.81979976541477	0.540853884880147
X4_15_15	-4.11835894839914	-2.84434660100329	-5.80122141365036
X4_17_15	-10.3124255383942	-3.10886674355625	-5.59000489212341
X4_8_15	0.61304839455619	-5.57032424273342	-0.83847351780227
X4_7_15	7.56090950030851	4.2410729912329	7.36622605362339
X4_13_15	-4.8720015970795	-5.40004682010043	14.1679539148674
X4_24_15	0.218019178266168	-0.626553175024156	10.2730589732471
X4_4_15	12.1176320787176	6.11710067470206	-18.4110874805895
X4_14_15	-10.5463548255425	-5.11392237286557	10.7283488905396
X4_25_15	4.36682284201821	1.39285594912142	-5.06918022237614
X4_12_15	-4.19970254172963	-4.24058519227884	10.1195428647776
X4_23_15	9.43356471862123	9.78595748001277	-11.6490301157298
X4_11_16	8.78662998454491	7.54835298338959	-7.90003698929167
X4_22_16	-9.99682213150609	-1.33650437688309	-7.5224425782143
X4_10_16	4.02596908049615	3.00475284605065	15.4857424109518
X4_14_16	-5.46743154218715	-2.51516933116786	-14.1056013950428
X4_9_16	2.72201521468543	-0.392138336808317	16.4082134077587
X4_8_16	12.8926613069823	6.79125039982749	-18.7563402869608
X4_7_16	6.18028622812585	5.66729571810207	-2.06713059335137
X4_17_16	-11.1924349550022	0.701482070645548	-8.68564661757391
X4_16_16	-10.4126563713649	-0.454737413617234	-12.311565100445
X4_12_16	-0.369904831587491	-0.289672792013115	11.0586560363559
X4_18_16	-11.2349443309331	-1.86148815318486	-10.2332381020619
X4_4_16	12.3531807253397	6.76190410868395	-20.9928101496041
X4_6_16	9.45858998983	2.68143792303203	-12.6998100743425
X4_25_16	-6.63788468522881	-4.7665218423856	-7.4915190530752
X4_26_16	-10.6633847198141	0.477548591662642	-8.74480646433821
X4_24_16	-9.68563114585912	-3.44577436908041	-4.85774054204021
X4_13_16	-4.3257348378109	-5.15687399515774	16.8989299972855
X4_23_16	9.05542917591415	9.23688268260394	-11.1327098231104
X4_21_17	-1.47789732807695	10.5092895243343	-11.2647787275282
X4_22_17	-7.49023854602661	-3.35699892890112	7.86138425267328
X4_7_17	4.01309832930087	2.82057712870475	-8.31321552924322
X4_10_17	4.75006439657807	2.77125682076116	17.0247844150213
X4_6_17	4.37046588441136	6.88849894782317	13.7027479371484
X4_18_17	-10.7373778224622	0.503107013093989	-7.17395014311722
X4_8_17	11.5841392718108	6.46366475794824	-16.9606546485154
X4_26_17	-3.6942159194918	-1.44357909462368	14.1547808869123
X4_9_17	3.67267392033502	5.14600796959847	10.6161017656494
X4_5_17	9.08170017778874	2.49697728321548	-8.48149528384592
X4_16_17	-10.8957887815177	-1.0124118249841	-10.6806571098333
X4_17_17	7.41509443814364	2.2140655815843	-10.6483633177984
X4_23_17	3.27913404938031	-5.34328082614774	9.17636651651681
X4_12_17	3.30451626119092	6.64876175976961	0.384326305568005
X4_15_17	-10.0295335710337	-0.77744871137917	-12.3301072038334
X4_24_17	5.89220696657992	-2.45397816153528	12.4800348311906
X4_25_17	-8.74870098911497	-4.26307455372281	-6.91494981884942
X4_4_17	3.97791255741043	1.14095496815098	-2.48009259712507
X4_13_17	-4.34891856025171	-3.93528481505585	13.4442529650408
X4_22_18	-7.63538758718924	-0.242477650390224	-3.87292135146127
X4_9_18	-7.46039717036971	-2.04859572884174	-12.5673717274248
X4_21_18	-8.82045846303621	0.214558111938754	-14.1785492302015
X4_10_18	-4.20580569302017	-2.92196570130823	12.3990458573898
X4_5_18	-3.88223754971999	-10.3985059523325	14.7920034872899
X4_6_18	1.30182814004768	-2.20850707051458	17.6096697890334
X4_7_18	-2.56403729786004	-5.85086877783118	9.49746241556716
X4_26_18	-2.33511058618565	-10.542262034898	16.4961678653779
X4_8_18	-7.54639480651558	-2.47111871210197	7.90254918624622
X4_4_18	4.43585057548821	-2.34604648823475	16.1398080266494
X4_16_18	-10.2391382794853	-6.30250970786929	-2.50430415114368
X4_17_18	-11.8329111975795	-4.15462585006487	-4.33995906977824
X4_15_18	-2.49507461569457	-0.0588889942519108	-13.9987159429099
X4_14_18	-1.36755306438554	5.20794598323511	-1.62717506965362
X4_24_18	5.53736834334004	0.17335372955956	-7.30885600988744
X4_23_18	4.58487651432112	-0.159352436620799	-4.79076643822109
X4_25_18	-10.2255023083399	0.109034813926784	-5.21760723229696
X4_12_18	2.11299712887054	3.8964126296177	6.08323671773696
X4_13_18	-8.78422918520288	-4.11549175536268	13.0874977679325
X4_22_19	-11.539464768254	-9.4260441907599	7.27168195419821
X4_21_19	-7.58426450683561	-1.58425845350233	-13.1341613211479
X4_11_19	-4.45374364789315	-3.9850571518309	13.5178789136857
X4_9_19	-5.40817086230863	0.324753938311573	-16.7959992663587
X4_10_19	1.47560415273199	4.63973573602277	11.8290767187947
X4_25_19	4.78095645656947	-0.566205916816813	11.3564311669045
X4_14_19	-10.2103967411849	-6.71997989004188	11.4761699703341
X4_20_19	-8.21883082296437	3.68253790281696	-11.3308069728304
X4_15_19	5.84552900890546	10.4029374530504	-2.89080573269789
X4_12_19	3.05706161468484	-0.581579997929361	19.2951006409097
X4_13_19	-8.05680247522771	-4.11484682968687	13.6223738587424
X4_16_19	-4.35283026698974	1.36905776263155	-14.7253793822149
X4_17_19	-12.2581777460005	-0.235782662607681	-8.29339146032314
X4_6_19	-9.60243882587167	-10.7176962228861	11.7586122433349
X4_8_19	-4.80430053749597	1.53975221050595	-17.3083801347677
X4_7_19	-8.88774799261717	0.119083742199712	-14.18345571819
X4_23_19	0.0185684392546725	1.54974417925916	8.05002000485445
X4_24_19	3.11049576554443	9.05564564654465	-10.6383147281083
X4_4_19	-6.21945781913712	-9.15879822065181	3.08188544100612
X4_8_20	-8.70387336659186	-0.32669528243415	-13.9664632557877
X4_11_20	-3.9015694189749	-2.77959608889551	-4.93872121269904
X4_4_20	-4.81022906349745	-8.3942446217868	5.39395498284327
X4_19_20	-5.31910415122302	1.87595903010735	-12.6012383775392
X4_22_20	-8.13472474068474	-7.11178771320239	5.5523276277318
X4_23_20	-4.7989003243156	-11.3423025225651	11.6467585415066
X4_6_20	-9.22340539102844	-4.2365157278957	-8.2368542606092
X4_16_20	2.59740557673074	6.85255052279527	-0.796264773216787
X4_17_20	-7.17679638808556	-6.53278154846172	8.37862925424966
X4_24_20	-6.79268187646291	-5.84446083259902	8.21601095580355
X4_5_20	0.887949869449848	-3.18748851821547	-4.72681308389642
X4_15_20	1.24320054314162	1.30668341407175	13.9118448592319
X4_12_20	-10.7910608698173	-3.96882214721264	11.9373941635758
X4_13_20	0.487515348978835	3.03258731987387	7.11862971072979
X4_14_20	2.63479814921243	5.90172993113956	0.552291917626822
X4_22_21	0.0740415168122658	-2.10860263707923	-5.57771375935633
X4_11_21	-5.18287971486977	-5.41902891916105	10.0981239602268
X4_10_21	-3.3653774100135	-8.28106560882116	17.2520320481296
X4_16_21	2.39875633988625	1.79557752603717	2.41437885599511
X4_14_21	2.76260001661016	0.165246496674609	18.4871452364325
X4_19_21	-4.8489978265406	1.36096647732563	-16.8612677600175
X4_9_21	-9.42860868154096	-2.36314923607928	-9.06480051694676
X4_8_21	-4.45857067374381	1.7994996004313	-16.6877317337656
X4_25_21	10.615405786012	6.77487632351768	-13.5063992754272
X4_17_21	-9.49951281258526	4.11006229958154	-10.1242468296936
X4_15_21	6.11638376304852	9.42751910089023	-7.94066104798641
X4_5_21	-3.93758155999493	1.96170923956073	-8.18250724848488
X4_24_21	3.86264401668972	1.51925175153393	-8.10737498535449
X4_13_21	-4.95611474852705	-5.46514915802748	18.0672900301185
X4_12_21	-6.64453433406989	-3.74887691486636	5.92293553031455
X4_11_22	3.20303682852138	-9.51068107586181	16.8943963694679
X4_21_22	0.206605877288196	0.00746974596771208	-4.78128741511024
X4_18_22	7.46500486099858	14.0979958245454	-10.3496170191104
X4_12_22	-3.56919257377844	-8.05967292520494	18.4474141125949
X4_17_22	-7.62781196545038	0.472172294445866	-12.5656808378959
X4_10_22	-0.854056644109901	-0.874612412933528	19.8188340230222
X4_16_22	3.65056355408793	3.49395018669821	-13.2475978850274
X4_25_22	0.676134101516144	-2.26807175031469	-5.18532495417325
X4_9_22	-9.10983149741389	0.569802200465278	-11.3264178969119
X4_24_22	8.84106763289463	12.4385837151135	-9.01139399367981
X4_7_22	-4.8436419809209	1.84600685955221	-17.4776997493604
X4_13_22	-8.7166879696174	-5.63197856174877	13.9708724425865
X4_5_22	-11.8062954040703	-7.88084664665301	3.19156512504729
X4_15_22	5.63520341806597	9.20648391078099	-8.67634502427086
X4_14_22	-5.20919883350777	-0.341666795431332	11.6873016785973
X4_9_23	5.80647790028257	-0.698970576799654	16.7082749912092
X4_11_23	6.22447182112233	0.0980544891540371	13.0596791900555
X4_21_23	-7.2836652716988	-6.73022159200421	4.46648830616169
X4_23_23	1.45864070699005	0.188421750093494	9.19152883128519
X4_8_23	-10.9295163357294	0.248130563103586	-8.11921823978679
X4_6_23	-3.52675869375221	-0.725429110259652	-12.9703277272594
X4_20_23	-5.96290642334297	0.884123609537895	-13.3976772616697
X4_12_23	6.94442296741875	-3.39453666849904	18.9989853968316
X4_18_23	6.67566324168446	10.7771469709243	-14.118741334313
X4_10_23	0.57128600119339	0.132680475564023	10.3807732420857
X4_19_23	7.61543650529576	12.6249317751172	-11.1190809128026
X4_14_23	6.00268243228979	7.26066062977214	-0.354887341454476
X4_15_23	-10.1860959525803	-3.63160852307238	10.9604323027439
X4_5_23	5.37807959549062	-0.756641066006333	11.4606580538199
X4_17_23	6.4455903313938	3.88118734443539	-12.5031615151551
X4_24_23	-4.97240107074455	1.49809463936147	-13.5409248430791
X4_13_23	-12.0622920988779	-5.65598667505515	9.46594197721578
X4_22_24	9.66572325405463	11.7726082343496	-11.2940213457971
X4_20_24	-7.07632640696711	-8.97548385665315	2.74977454111066
X4_21_24	3.72132970276228	9.36508090823814	-9.30519688728539
X4_10_24	5.587333047301	0.560679439120163	-4.72728417088918
X4_18_24	13.8251857138904	6.46767995285705	-19.7533635766725
X4_6_24	0.714278161016891	-16.7780098794075	10.1258092032356
X4_16_24	10.6481716209517	5.83375213592011	-13.6113867015029
X4_13_24	-8.15938212119577	-3.40222234737788	10.6747603100087
X4_14_24	4.72114339915149	7.03939181123912	-1.20492568336205
X4_7_24	-5.72227816566196	0.226677557973338	-16.6456608506772
X4_23_24	-5.45782689472298	-10.8401028921239	11.5926800247047
X4_8_24	-10.5904479373958	-9.69822346668198	10.4270338552014
X4_24_24	6.16420561165572	-1.73679549116079	12.3058504953309
X4_15_24	-9.2930187819177	-5.95948542566218	2.91453547628438
X4_22_25	-6.00818982315988	-6.28222840042459	11.1978474511212
X4_21_25	4.57016237154986	2.45738227309524	-5.6742449492211
X4_10_25	-5.02918442631194	-7.52473181023632	13.2957968586895
X4_11_25	9.663558891095	2.79636608396823	-5.11053821581334
X4_9_25	2.1770125145488	-2.12931178780166	-0.847515520910729
X4_23_25	-7.57226773075097	-8.9303481678416	8.30323578996225
X4_7_25	-12.0560270760925	-10.2450921654959	8.03759501383495
X4_19_25	-9.0014607232061	-10.0973916443715	9.77061297967484
X4_17_25	13.4735568762428	6.2410862232263	-21.871723559129
X4_20_25	-6.70011668258289	-7.74162388201307	8.52321924288105
X4_8_25	-8.65556500837855	-9.56279620206547	4.24741108003304
X4_14_25	-5.14924192127161	-8.1274770605753	10.359330934479
X4_15_25	6.05862971906252	7.03455354967573	-4.42285319516293
X4_16_25	9.95676764934505	12.1554227639033	-11.1385272157951
X4_13_25	12.66598133503	5.08842622979003	-18.2005210548605
X4_22_26	3.64565063171334	-0.766498739859741	-3.9838203279139
X4_11_26	7.79428797743963	3.59594846471826	9.28431532907823
X4_21_26	-9.75329551290659	-9.30952738187156	4.14307220484116
X4_19_26	6.18031896799956	-0.708080506040415	16.9581617106548
X4_20_26	-8.90086468741955	-9.7157895236538	12.1192714385347
X4_8_26	-3.43581194639854	-9.46236593026326	15.5485389361995
X4_17_26	1.98099009991206	-2.3559333812669	16.608610011641
X4_10_26	-1.30421860594989	-9.40232837344164	15.7329359146457
X4_12_26	3.3632381100236	3.06579219402944	2.35261022342853
X4_23_26	-12.9259982301611	-9.12807260109177	9.34008034835938
X4_18_26	7.13617699017355	-2.14517129098291	18.5478584643816
X4_9_26	-6.25111439666485	-6.69128068177269	9.33256664017189
X4_16_26	-0.245390719569432	-0.474272581829919	12.1736342049192
X4_13_26	5.99653765337744	5.74322626132556	-1.52288063537054
X4_22_27	-3.64394470536076	-14.5991782251048	7.88799914619711
X4_20_27	10.6037595618418	2.14223231330802	-7.15857613915633
X4_21_27	-6.16341214804271	-10.8762205643027	5.43255245382229
X4_10_27	1.70060091708705	-4.77256588720235	14.8170758936089
X4_18_27	1.79168505285845	-4.09784628443477	7.88907599359475
X4_19_27	-0.0217434609844054	-0.772422378564244	9.71816780099652
X4_9_27	3.71447584809424	-0.967915146875745	17.4269945837049
X4_17_27	6.07481854882426	9.00091734841869	-9.64066137471392
X4_15_27	3.64183467619445	1.74753879088562	-9.34175943278822
X4_12_27	-2.21501796794227	-7.04130873655926	17.9115451188936
X4_10_28	5.87188507454948	1.02394860924663	11.5993603837874
X4_21_28	-4.89554601233976	-11.2690967042655	9.97833047879667
X4_20_28	2.00606673404647	-3.97162161239619	7.51985482291903
X4_19_29	3.53419289941481	-4.72293929830117	16.1196236385362
X4_17_29	-5.86557875340391	12.4135200649716	-12.4644884677106
X4_18_29	2.22489356552442	-4.96497677344024	14.4152358203177
X2_22_9	-0.947155210474935	-3.59016027926917	16.8837065493881
X2_23_9	-7.02327192919335	-1.28459045837303	3.76619270983805
X2_20_10	7.58757000795185	-1.86096727211526	17.8295720838273
X2_21_10	9.37484726750541	8.67316401098665	-11.7064475498719
X2_23_10	10.7742822936206	12.896817182385	-13.7328736666895
X2_24_10	0.657407337995674	4.31555122958117	12.712575869692
X2_20_11	0.153063284168215	-7.56951485874339	9.69102784660625
X2_21_11	0.42697550490483	-0.996821260165607	14.5056426082692
X2_22_11	-3.01594244921144	-2.77696865849846	10.3475250039351
X2_18_11	-2.88708295634773	-0.431528825040325	4.98937472801846
X2_19_11	-5.83589618386235	-4.13888385068792	2.80014099676121
X2_24_11	-9.3410947906142	-5.80260798562806	11.6972274627751
X2_23_11	-5.64852846936904	-7.71208754093328	10.264580766084
X2_22_12	3.2463520591987	6.0964454926272	-12.192129436358
X2_21_12	10.2851650036437	8.46410210971514	-13.2323975695726
X2_23_12	-6.93980668128542	-0.759956596635247	-8.70620288962256
X2_16_12	-10.1341112642697	-1.15302593050052	-2.96017171786915
X2_20_12	-6.60693636117377	-8.95223811913367	9.24639025276227
X2_19_12	-6.00655233605805	12.5331906689627	-12.5298811006291
X2_18_12	-10.9494370025979	-0.66300658206408	-1.3925841154266
X2_17_12	-9.26810891333315	-1.37144088801946	-3.24722812901192
X2_24_12	-6.57914735075265	1.81486691662706	-12.1242592261707
X2_25_12	-7.87279109541531	-1.27789461088295	1.93633122721971
X2_22_13	6.64175696893661	8.08532870287196	-9.48260400977152
X2_21_13	1.32469640403227	-4.0955837956797	12.7024828145205
X2_18_13	-10.1208887741723	4.27534502034751	-9.57632350325819
X2_24_13	-9.57615666693889	-5.50400596265376	-2.34113390480685
X2_17_13	-9.4724914178321	-2.90808690748617	-2.71733373849968
X2_23_13	3.69569521230105	7.30058118274786	-13.555549645623
X2_25_13	-11.2171553396727	-5.44958917815545	7.01005387912162
X2_22_14	1.23134000107165	-6.15960705422234	14.0294657205239
X2_21_14	-10.4690085217988	-0.209522638480932	-8.35933183073264
X2_26_14	8.36683954779398	12.1437656687597	-11.0599190145668
X2_25_14	4.17955441548985	11.7981560099985	-11.5560062712472
X2_18_14	-8.92395753803418	-1.67032565715812	-5.01516983773194
X2_23_14	-5.53758579289132	-3.57698303366823	1.71814263520891
X2_17_14	-2.8449790780457	0.779380297860728	15.6530070895967
X2_24_14	-2.52720028552463	2.29260809896457	-12.4718761481154
X2_13_14	-0.706325772025288	11.1406165011311	-8.0970825969025
X2_19_14	-10.547760977072	4.61023895072889	-8.70635254913755
X2_16_14	-11.9823405825955	-4.91071694833179	4.4202618581229
X2_14_14	-8.77924236201187	0.113191161800636	-12.3736071550018
X2_12_14	6.01509498992508	10.1931195200297	-9.77988771926
X2_22_15	-11.902939253968	-4.60994686497908	-4.89978101180282
X2_11_15	-9.78485737641983	-2.42745784143498	5.12573167845328
X2_10_15	-5.84603856273593	-3.33840298719761	10.4293662316601
X2_24_15	-5.47484659847595	-11.3313563887428	10.3585510409946
X2_27_15	2.48126233073133	4.59170721445357	-12.7983993158547
X2_25_15	9.97270511462247	-4.18386909431049	17.238148446536
X2_18_15	-11.0232947670812	2.65511807841638	-8.86349007679724
X2_16_15	-8.62727449114954	1.2327780792071	1.84946784064755
X2_17_15	-8.25203638866779	0.442847297389966	2.64161687661887
X2_12_15	-8.14737320686796	-3.06307642421125	-4.43949444484412
X2_15_15	-8.66108045879295	-0.656662273959132	-1.38666631675906
X2_14_15	-8.61032417364139	-1.50707812404122	-2.03429999128096
X2_23_15	-7.83263619269242	-8.6935007000349	8.16957113946817
X2_13_15	-9.09101241053655	-2.80916167127093	-8.88962981128755
X2_22_16	-4.55435399051767	-1.30359029970645	-15.7026765434192
X2_11_16	-1.5824391249603	0.985855405688618	11.7523040838956
X2_10_16	4.96457983215126	4.75440779554201	0.969783372622727
X2_21_16	1.59416339752781	7.48707408114301	-11.8513407938102
X2_8_16	-4.58605738991207	-2.38447218080481	8.57295389062405
X2_26_16	-7.27458883445797	-6.3694167029098	10.8668012873428
X2_9_16	7.41299603568715	9.8469901057023	-8.77636850967485
X2_17_16	-12.6534576199896	3.5951906962922	-9.44250867660393
X2_24_16	-9.86718882308771	-8.21267091268304	-0.398792041711494
X2_27_16	6.4391288221531	10.2932810820508	-9.46546981709826
X2_25_16	9.31807114295157	5.14151366144935	-19.310714036975
X2_16_16	-12.8246344624488	3.57345700352633	-11.0381819202332
X2_18_16	-6.37679935033308	1.47202723266682	-14.4767695752986
X2_12_16	5.38614777464129	10.5837867785427	-8.31641057405768
X2_14_16	-6.36073360344805	-0.286374099360626	10.7418570042169
X2_23_16	-7.48058270132658	5.95305080262278	-10.5959915756414
X2_15_16	-10.1392292115519	-2.16207411856406	4.00544800553217
X2_13_16	-5.96828823338286	-0.941301408600253	9.25141657223695
X2_11_17	5.14225272815593	4.63732049102469	2.41956959558051
X2_20_17	-7.47410842039804	1.91804305389759	-16.7820679349529
X2_10_17	12.4167691017893	5.89938565713564	-15.0980202311086
X2_19_17	-10.1379887826303	5.97700289709972	-13.2577014813109
X2_28_17	-13.6871847664228	-6.60287140248792	8.62881623457306
X2_8_17	2.63016785462812	2.98906167701893	13.7018150006064
X2_6_17	4.88185371971151	5.85955236528927	10.523615116687
X2_13_17	10.2963904413122	4.61427613298838	-9.7928732631285
X2_9_17	4.94662597245132	7.61049760506729	-7.40643384839735
X2_7_17	3.11679176063105	5.41642389512203	0.309243848039816
X2_26_17	8.03875050708865	8.16343116383334	-9.04059197624406
X2_17_17	-12.8134470574713	3.89666872976665	-9.67605125499209
X2_27_17	-10.63411058139	-6.80636840998888	3.3896866791895
X2_15_17	-11.3383233559451	-6.52427442541736	9.25672574226886
X2_16_17	-16.3357947404442	0.169745547657269	-7.87620438006906
X2_24_17	-5.30795392747774	-4.9133183455936	4.8376897575919
X2_14_17	-1.18186588081298	2.99744846729124	8.38662329581013
X2_25_17	7.90377813795369	9.83375313117932	-11.2803222989329
X2_11_18	4.6056797244519	5.97377713522542	3.75126352116518
X2_20_18	-10.9649163034367	5.23618931915303	-13.2286478850708
X2_10_18	11.9461081827179	11.578674342485	-12.0417920991228
X2_19_18	-10.4869877183681	-2.49674937933443	-7.09360287801433
X2_18_18	-12.020066377491	3.54374993476528	-8.80973517816807
X2_9_18	-0.514928644717235	-4.01111340813921	11.839116568418
X2_8_18	3.68765130191397	2.50216311091303	15.6721911948922
X2_6_18	6.26307177147828	3.07805347764569	6.87264738319836
X2_14_18	-6.36758438043686	-0.588013752325628	12.1868004010555
X2_17_18	-4.42688826345683	0.153880174924974	-14.449618607035
X2_27_18	-1.60093671120384	-5.11199489421068	14.1443948618027
X2_16_18	-12.7625333560666	2.18759949687281	-10.6430185284689
X2_7_18	2.30072690557224	4.38924659667148	-2.47162140014975
X2_15_18	-9.12685807336777	-1.27202149242122	-3.44598760721597
X2_13_18	2.59573785107961	7.04287425880665	0.0798950838419572
X2_5_18	11.2689922641189	12.1398392439492	-11.6108708278374
X2_12_18	3.31163800616204	7.16969379921136	3.71678168525333
X2_25_18	9.89494811946921	7.75112078679703	-14.5719233067423
X2_24_18	-4.85122236938572	3.76082827885717	-12.5063034105828
X2_21_19	-11.427886791925	7.13404478117786	-7.68821422142203
X2_29_19	5.52011640483508	3.70150848900744	13.1473146915368
X2_27_19	-8.71654821586813	-3.51037777579442	14.8702028273296
X2_20_19	-8.42125950564828	-7.49411519047132	-1.72367152213859
X2_18_19	-7.12774141277065	1.80165929764205	-12.4398588813471
X2_11_19	-0.582286724961963	0.703485876537665	12.7950698251521
X2_19_19	-10.8770806766823	-3.3527674738986	-3.56696848622534
X2_25_19	2.8691412694051	7.59215360783975	-13.2719517651499
X2_28_19	-16.329854204233	0.0317279666534704	-7.74606152320196
X2_10_19	4.60767937480431	6.2242768105167	4.91049388042463
X2_24_19	3.49802519553616	5.52553468780859	-13.5356538512748
X2_9_19	0.575380021428798	2.99645351165429	13.6606996031324
X2_17_19	3.54684395339356	9.46280816591313	-3.54462833075432
X2_15_19	-7.34405805085782	-0.871963120178161	11.2242208285839
X2_16_19	-9.38779038678645	-0.199160684368522	-9.83220576810109
X2_12_19	4.48629954550752	7.97451228179965	1.81391903756123
X2_14_19	5.64254930451076	10.1748195493311	-2.57519252857124
X2_13_19	1.0843443422355	2.56092033200469	6.40103558028945
X2_6_19	3.23286887961824	10.4387962130312	-5.99634198363053
X2_7_19	10.9685056425918	11.9544770033808	-12.4614579333686
X2_8_19	2.0949805121823	-1.29419385496765	11.0110722052288
X2_5_19	3.83015617608672	6.69152140325918	10.094872210295
X2_21_20	1.17337314723811	8.48465533235325	-13.3639404438977
X2_20_20	0.760812943616601	-5.89560135007723	14.5960363518276
X2_11_20	-0.421928397410006	0.521313731892196	13.3773538531625
X2_22_20	3.33120285907821	8.42843569221543	-10.545022518666
X2_28_20	-9.85840469010615	8.47437052160996	-12.3768137333529
X2_19_20	6.29615388027759	0.46780085028798	-1.5166908242441
X2_10_20	1.29950134563807	1.8786637390497	14.7509074427669
X2_29_20	-4.60843010497383	2.1102828454505	14.2587624753054
X2_8_20	8.39982814894271	8.6381681880939	-9.81067488003069
X2_17_20	-10.3337486172684	2.35917387468804	-7.8817576107043
X2_26_20	-3.81369566310633	1.35428907923798	-10.591257377146
X2_27_20	-7.72728786706557	-2.25957382444776	-8.37958519382073
X2_7_20	13.0401154266154	6.40546782579822	-20.4974675283978
X2_24_20	-7.75570517645381	5.66604792410475	-8.93134121783209
X2_25_20	-6.89394200342104	3.82868910273558	-11.0476411029181
X2_16_20	-1.18875479255058	2.93775167890427	8.08325121058473
X2_18_20	7.02238524806611	2.44138318737151	5.57662597327963
X2_14_20	4.09074054698153	8.01714921762032	-0.715366936789442
X2_12_20	3.25225507694598	7.48061035949032	3.5835210353337
X2_6_20	1.20911057231936	4.93903331407246	-12.3575011412838
X2_23_20	8.17683122728354	13.081372839136	-12.9233375272108
X2_15_20	6.0236431644759	9.50981063807498	-1.15809619220274
X2_13_20	9.36159443657438	9.23390498231534	-6.95480725477024
X2_9_20	-1.59253709634158	0.633407169629016	11.4870734289203
X2_22_21	-5.16335834096777	7.90032659004055	-12.9957997755432
X2_14_21	4.6485767370581	6.65998419848707	4.75993995131016
X2_21_21	-9.76930054688123	-1.03940043017167	-7.62974253117246
X2_9_21	2.87401948316758	1.74113144239254	1.81693595515092
X2_11_21	9.65345991411207	6.66713079177667	-9.67236561302953
X2_10_21	5.83194761968189	1.3522527367698	-1.99488092190852
X2_20_21	7.65652526156733	-10.1518738228815	7.23562131554505
X2_16_21	0.578782804978038	-10.9736298097541	12.7741986811535
X2_28_21	-10.7416679668766	-6.13802196225928	2.26224493473534
X2_24_21	-3.04265059071614	3.22555723726485	-15.7912755332233
X2_19_21	2.0661157396122	6.84787311432673	-14.8615397771799
X2_17_21	5.8427274398097	-0.11736316567725	0.593490730976747
X2_18_21	1.46977919501026	5.42425265340335	-2.33871747355945
X2_25_21	2.04120493103594	-6.58487814412248	14.0926927118402
X2_7_21	3.53410783239369	6.93900357599002	1.14068550800972
X2_26_21	-6.55643207710694	-4.39945616033015	6.08884252647706
X2_15_21	3.3757677193645	5.40483519334194	0.434628434052609
X2_8_21	9.38649108116683	9.89016777404994	-10.7041976192902
X2_13_21	5.91855373347529	7.25838073953332	1.20219312724598
X2_27_21	0.9223797041884	3.88027285559974	-2.49410151342079
X2_6_21	6.99386173249631	5.78261376339504	9.62790430026878
X2_12_21	2.98267418297758	7.08107919699452	3.04074440559571
X2_23_21	1.702721887082	9.53578049883841	-14.9021295063094
X2_22_22	11.8776197126742	6.76047060014638	-18.1942400026214
X2_26_22	-2.93252559679965	-1.28923999343067	3.62236818482139
X2_21_22	13.6441367760188	8.38796940081174	-20.7787909695799
X2_25_22	-5.34586618529964	-10.63716721413	10.3254590126076
X2_18_22	3.46814527115821	-9.06747616254276	13.586561042292
X2_24_22	-4.8187173337596	9.30038463844827	-13.151460195376
X2_27_22	2.16021493645671	5.4275908548387	-11.9469782880034
X2_28_22	5.75513447459196	9.31430317710425	-4.05018261253809
X2_10_22	8.1365075384439	9.27581801846881	-7.07426497985362
X2_17_22	-5.07917248385749	-7.8010341411863	12.5249520714477
X2_20_22	-7.80773836755055	3.86524766070387	-11.4536352300373
X2_9_22	3.81570799151692	7.35164184600187	0.70901752808225
X2_16_22	2.58158553765984	3.30869419702172	10.5969309059281
X2_19_22	-4.30900610360557	-10.049156930954	12.2731069153463
X2_8_22	9.18823202656085	8.33722011928554	-12.1994950843698
X2_7_22	5.10851016886366	8.20717571334495	-7.52363888772999
X2_15_22	2.87313274473037	4.04308571200374	10.9521019917763
X2_6_22	2.30511823323026	1.77998395535074	8.15536184517716
X2_12_22	-3.35980768251096	-1.63386507270572	9.23343909921061
X2_13_22	-1.67557374072096	0.685037436679538	17.6951436246274
X2_14_22	1.65498175642261	1.87626348268399	14.3434360968257
X2_22_23	7.93257041006872	8.4223390907425	-13.8467594332685
X2_11_23	6.30653473157488	7.83685019952948	-5.07805753342348
X2_6_23	3.91474057281434	1.66723545353604	6.83642570759396
X2_21_23	11.1071099340421	5.95340720646771	-20.2442398458805
X2_20_23	3.28544935043437	-0.261124182069932	9.83215756423889
X2_10_23	1.96372002388204	2.73670586392234	7.21267303237783
X2_15_23	8.1621509879162	7.37659379396996	-9.67878116222999
X2_17_23	8.09021061391771	4.9052662852114	-4.6603435523331
X2_9_23	10.6374524684685	4.6457926231298	-15.3307822375768
X2_18_23	-2.94022812873291	-9.5422895686541	12.6651171031155
X2_19_23	-2.09198443735431	-2.39202627684178	11.5846257465057
X2_28_23	4.25417828595366	5.375585460586	5.13683602558723
X2_7_23	9.32377409737999	6.362411473962	-15.8134679036886
X2_23_23	10.6891971744459	7.38720248653279	-16.1198518624404
X2_13_23	-9.08912382238897	0.439441253144596	-15.1899127438936
X2_12_23	0.399493543383829	-4.11321538093576	11.6804766905471
X2_24_23	-0.519222207893077	-7.93144855208391	13.9566059442041
X2_16_23	-5.55179349257298	-5.60633517861068	-6.30132349302259
X2_25_23	0.153204010184366	-5.86265729717624	16.45092375616
X2_14_23	-6.60414824518334	-1.75179886639382	10.934829273819
X2_11_24	-1.59515653402971	-4.04767235575071	14.7779371604381
X2_22_24	7.67135423272101	2.92475610924641	-3.31054729590685
X2_19_24	-1.19569510048776	-9.51204047835638	12.5796168116651
X2_21_24	5.07091962051539	-12.6067646747443	11.8322714475011
X2_10_24	2.76004767409809	-4.99956595455443	16.3609137818593
X2_18_24	4.05824278129662	-11.4078911201501	15.0860910428193
X2_20_24	6.20934050839932	3.09986012359004	5.69709212308775
X2_27_24	4.62559593902661	1.62228954873571	0.156009986547412
X2_26_24	3.60398893174311	-5.80441280877089	9.37158653093693
X2_23_24	9.05535056898828	2.28351181425833	-2.99920708234473
X2_17_24	0.053631144549713	-12.6122729362349	9.78697054868616
X2_24_24	5.91413991386359	0.505477088761835	-3.11439790493849
X2_7_24	10.7798709307624	5.28565165558542	-15.5460825665793
X2_16_24	5.7057411102901	-3.37548427982425	10.6538168685336
X2_25_24	5.83724167277719	8.52495187969823	-12.6678607515677
X2_15_24	-6.01994276441804	-7.93693771240078	15.5133500386047
X2_12_24	-6.286616506756	-4.76306781619456	-12.2748541344021
X2_13_24	-7.19438046796995	-1.27886861300232	-13.5674861992354
X2_22_25	7.78318891140771	-10.9644046941395	6.19600198334983
X2_10_25	-2.34906176071681	-10.2045845323683	13.5714045153573
X2_11_25	-0.508641117674749	-2.84331788016407	16.5715579527233
X2_21_25	7.09453809580356	-0.46771036752663	-5.48707414529416
X2_17_25	10.3818493252621	-4.8064028423752	17.1196461201764
X2_8_25	6.43105018632956	0.155821974108293	-1.29432103634562
X2_9_25	1.56781257587387	-8.50942967102633	11.0876733671889
X2_19_25	6.65274356749149	3.26657558204945	-2.3007839234712
X2_26_25	6.40967786740467	-3.72156626343709	18.4068209777395
X2_27_25	5.99171254050475	3.66454695334717	11.9713466199288
X2_23_25	-7.05687265890799	-6.86954365577569	7.86298038840118
X2_18_25	-2.96320804867405	6.60469892598047	-11.3293910384015
X2_15_25	-10.3829430772034	0.401681809023643	-5.91812118455287
X2_16_25	-9.7646392851551	-8.12137942549168	-0.599228518413803
X2_25_25	9.83663197963928	2.6080908194139	-6.85208960651252
X2_21_26	7.34358118949556	1.04430609724376	-5.73127703488402
X2_17_26	5.60544985502162	-0.376947115042979	-1.20876232797713
X2_18_26	8.46001649080583	8.27908252867348	-14.6651881640963
X2_9_26	4.68085805171636	-2.97555573210943	16.0124829805138
X2_20_26	10.3540530788197	6.4065163898204	-20.884733562944
X2_16_26	3.61769845520055	-6.80795141980754	13.0280995344293
X2_14_26	-13.0411440089651	-1.97001349468476	-7.92193186940512
X2_24_26	0.690320404534767	-7.05028834252903	13.3706995131235
X2_12_26	-8.85019061688781	-0.10203100084967	-12.4680985970748
X2_25_26	8.76327774600936	-1.26650027579172	14.676482409742
X2_21_27	0.368101628036938	-8.59972622700074	15.4176301146047
X2_20_27	5.39369705275152	-10.4805870726349	15.3112754476968
X2_18_27	3.04190115996464	-5.79156318921569	12.9442225964218
X2_19_27	6.0457735076917	-10.9363108030367	14.8622494542638
X2_16_27	-0.0965449797760406	-4.72441134814391	13.3203092422194
X2_13_27	-7.61353071047624	0.749941705980722	-15.828592180113
X2_18_28	1.46086030510235	-8.15183491800327	12.5334117422791
X2_17_28	-0.277349884645827	-8.44603068921899	15.3478087354096
X2_20_28	8.22669776442917	-2.44046879303119	18.3338475747431
X2_19_28	0.786251232455044	-8.22533546255746	12.5419044012096
X2_16_28	-12.2029385106245	-9.68100678111065	8.57610716870352
X2_14_28	-9.79607168217521	2.21137869209771	-13.3975684593052
X2_15_28	-13.9407530364277	2.08663953221167	-9.00294545726544
X2_12_28	-5.30069284792122	-2.55349848733177	-0.113025075810868
X2_13_28	-8.87115716710471	3.48485797895548	-11.7248902512487
X2_20_29	-5.67006247959207	-3.36240452539862	3.74969896072
X2_18_29	-5.97222491665072	-9.23507373590379	9.21257245863755
X2_19_29	1.47795706259027	-5.79666080570341	14.8430044925803
X2_17_29	-12.2780094070513	-9.24633309494861	2.88737532992431
X2_14_29	-11.5701433688589	-7.2092064775054	2.81082566474473
X2_15_29	-9.4587332694624	-4.79678233510869	3.04514424682854
X2_19_30	-7.51807579376566	-3.41854283418408	2.65477583262297
X1_22_3	4.7412707020575	-13.6435481331021	12.5014355741413
X1_18_3	7.05043608488791	-3.0409975875687	18.5732347318714
X1_16_3	2.75716572451882	-3.33068110665543	7.65126266013623
X1_17_3	8.69655983447326	-1.36654023889266	14.6399754041349
X1_24_3	4.05655883550761	-15.1336910160681	11.3448800807265
X1_15_3	7.08784878010377	4.02831653369127	12.2225605872148
X1_14_3	7.16569353943626	5.14859669678156	11.7845670160203
X1_23_3	-7.90514095601281	-8.03431537116485	-1.12692322252832
X1_13_3	7.43410371412617	5.26425006962411	11.8060787496064
X1_21_4	-0.72456655525475	-13.0899406348358	10.5745936834031
X1_22_4	7.48378481434785	-11.250445936132	5.90907774156813
X1_11_4	-4.73219398200735	-13.1397754636895	8.77338681829401
X1_20_4	5.38902713718664	-11.233281606016	15.1846851482187
X1_18_4	-6.55544738780479	-6.58080814608613	6.52064467557182
X1_14_4	5.2765436950126	0.569300208679457	-1.765087211514
X1_16_4	13.1522872973602	4.70047509798052	-19.9724983050396
X1_23_4	6.79595006562158	-11.3552669597585	16.0154465376149
X1_12_4	-2.9369339951617	-2.20775028842217	4.49136232679131
X1_15_4	9.1143304502566	4.18929340915007	-7.89629549686619
X1_24_4	4.81388529927552	-14.5872328307107	13.8649228944329
X1_13_4	7.78468310289055	4.66369046544308	6.59708215766653
X1_22_5	8.85886427684295	-13.0269958053057	9.08658510146296
X1_21_5	5.54485260185942	-12.4712288348877	8.60770843839575
X1_11_5	-6.81797605711118	-10.4958109661529	6.13987945905069
X1_20_5	8.31418455299543	5.8691692818209	-10.779079816307
X1_19_5	2.77907054134855	-12.3176985905621	10.0239963214903
X1_17_5	-0.71678940842883	-6.93075925572906	14.0430789593487
X1_10_5	-5.49448964513223	-12.9629424044087	7.57608790580945
X1_25_5	-0.24791396484083	-16.5163457933222	8.47922499517243
X1_15_5	1.86232715943526	2.8139140854624	14.5064686693578
X1_14_5	6.22918069919332	3.47861184753023	9.03522498511455
X1_16_5	8.46245234006317	3.33750584272904	-3.45248370366663
X1_12_5	-10.2457932445645	-6.30555967585983	2.64965010420521
X1_24_5	1.42507412835177	-14.9329009715121	9.23157356169396
X1_13_5	4.4409641862531	1.43194469578194	-1.37422850415354
X1_23_5	4.3173754879882	-12.9720596558481	12.0750868010085
X1_11_6	9.98642992341652	-0.0777163713172978	-9.93669380309701
X1_22_6	8.51190926818262	-0.133249032258848	-3.52780397860272
X1_12_6	-6.97988393636598	-3.14045953021262	3.65787105255591
X1_26_6	0.916827527452177	-16.4619585281	10.0229667143289
X1_10_6	-13.3071073721122	0.331048996386721	-5.69754868867609
X1_25_6	0.227690321891862	-16.5079990860296	8.89554823408121
X1_19_6	-6.9215945405681	-10.5816561934764	4.09819652109016
X1_18_6	1.30028719972674	-6.45034658126593	0.128888540190334
X1_13_6	-6.82509076283801	-5.68555822387682	6.34445140940704
X1_24_6	2.31016007343594	-13.8366259586371	10.0457604190954
X1_9_6	-7.84593350342719	-4.46787066885136	13.0821956980876
X1_15_6	4.72890586772918	0.514144986597914	-2.97424582678023
X1_14_6	2.508440202457	-5.64199499819513	13.0492965452487
X1_11_7	-6.36017785570032	0.878433104857178	-3.83353407593346
X1_22_7	7.72174538139425	-0.155203033470789	-3.33285180885669
X1_21_7	0.194854564121688	-12.0988194978832	9.23528949433215
X1_10_7	-0.381108743218825	5.23154445413374	12.1802632575114
X1_19_7	8.74389075202561	1.71438557883173	-3.11965234107446
X1_20_7	1.38824876490272	-11.9216817870431	11.5869800858001
X1_27_7	-1.70500267651898	8.88712080005854	-15.1165827780288
X1_18_7	-7.07746569426952	2.63318655348616	-6.37889079677686
X1_17_7	8.74008053885177	6.01067395536055	-12.0647023790796
X1_26_7	-8.79244592712699	7.74855589100624	-13.748277979306
X1_12_7	-6.8394485220746	2.72627509144362	-6.98006081967288
X1_23_7	2.37003419862989	7.42609251168055	-18.3398504321448
X1_25_7	-6.18391952119125	9.11318619367442	-15.3971260906385
X1_24_7	7.03535638819315	-11.9110449572383	7.45979245339266
X1_14_7	-9.76897844793567	9.17848129906716	-10.7570826282741
X1_13_7	-12.1220979010102	-5.94787705898391	6.81138362809093
X1_11_8	2.68617542226386	6.40840484940427	-13.3470203253475
X1_20_8	-4.52095568783377	-13.4896121710362	8.39640240926336
X1_10_8	-0.110831439206918	-3.79266730802279	9.47188229554815
X1_23_8	-5.91729012268739	12.6831577703624	-12.5181718918322
X1_19_8	5.94877198468241	-0.888156443059937	12.069276264536
X1_12_8	-9.79984842317226	4.44501078730393	-10.8356334190574
X1_9_8	0.97126446414043	-2.20810411118227	-4.85197738451013
X1_26_8	-4.62753039378147	7.19261311805682	-16.4361002457277
X1_18_8	1.40205677669877	-13.2103423968499	8.96115375959203
X1_27_8	-3.59186507810959	8.62439255733485	-15.2434905880121
X1_28_8	4.68095221487614	-15.1976863800737	9.33470330317981
X1_25_8	3.3676518108684	-15.8794009707966	10.3321131822246
X1_15_8	7.10126521543035	7.60081203593364	-13.2755053559476
X1_14_8	1.9695186739123	8.75171395303381	-12.9342672156147
X1_13_8	-11.1818021779569	3.43855428433339	-2.99706664040772
X1_22_9	3.94757079884951	-15.3022844547153	13.3668170677392
X1_20_9	4.80050335405231	-14.3151910493933	13.8714654770412
X1_28_9	-4.79803235962327	10.2453592961064	-14.4294809156605
X1_21_9	3.69159780857488	-14.1319980760204	11.6059550193244
X1_9_9	-12.5260897447395	-7.74960029638323	3.92749238844905
X1_10_9	1.3851727996621	0.508653427943646	2.47417599527815
X1_19_9	-0.546706645301265	-11.6739050213054	13.3474224726313
X1_24_9	5.4502341016663	-13.3476013641178	3.14826658683568
X1_13_9	-11.5807533601998	3.98819156623114	-9.07045286809962
X1_18_9	-4.26095939498004	1.62718549847591	-12.0788292622714
X1_17_9	4.42887978810069	2.75950625912021	-12.3886464791423
X1_26_9	-3.82770371739232	8.30567747708615	-15.7141096555005
X1_16_9	-11.2519329857179	3.11732883209269	-10.1494435232575
X1_15_9	0.942042478871213	-0.544121415894834	-11.5479070382716
X1_12_9	-3.16532932275943	0.88264976050236	-0.164321039187995
X1_23_9	3.87404264323221	-15.8634484736433	10.4161792355546
X1_22_10	6.00561127752037	-11.7232371084528	3.12572143570397
X1_21_10	6.7838621242197	-11.7441231393458	3.45665769142716
X1_11_10	3.52629591658713	9.84694216658517	-9.79284441692721
X1_28_10	-1.67608079795454	-15.3828653624737	9.47336293331709
X1_10_10	6.26692484056667	4.30411934138747	-15.6197929839226
X1_20_10	4.82829980667072	-13.053627342285	10.5173702352256
X1_19_10	5.76747954437536	-12.0868526505144	14.2440154185836
X1_18_10	7.14997482244654	0.500169191044616	-6.78198846159062
X1_25_10	-4.3745091002567	3.04082378361796	-18.4429380531029
X1_23_10	7.06514739717734	-11.5117597022312	14.0223247533957
X1_17_10	6.06177972978358	-0.663992851791861	-6.87228552573605
X1_9_10	1.57329329307463	0.273433622329688	-5.9363755024255
X1_16_10	-7.91214175175449	-0.872772503863638	-7.2389996343301
X1_22_11	7.63739978487691	-10.5985027988527	6.76305534880898
X1_11_11	-4.55794873511828	-0.0132080454627301	0.571884578077249
X1_21_11	-2.02678128377099	-14.1315649382372	9.4985083334463
X1_29_11	1.44699745748264	-7.76762675665161	-0.616678364595137
X1_20_11	0.587019468685547	-13.0131044939785	10.3060795539414
X1_10_11	4.94548413043724	-0.028914519496593	-1.93577412492665
X1_19_11	-3.06596685013881	10.7807471084272	-12.3636293246392
X1_26_11	-4.48597425653424	11.2440566607401	-12.7824459466522
X1_16_11	3.84056298210684	-2.47542488200367	10.8453766328455
X1_18_11	3.48533544650215	-1.19069786844728	8.43525163122928
X1_27_11	0.658483041667612	-15.9806591977534	9.86114330594269
X1_17_11	4.42528237298928	7.01324975894168	-3.85689811810961
X1_23_11	4.7054993379198	-12.5018714710285	8.78309815360297
X1_25_11	-3.26012504891561	4.79374941431973	-17.8472819408417
X1_8_11	4.25951139814871	3.59790884934186	-5.22207164161194
X1_9_11	-0.497258033408706	-0.400053112332016	3.29686353788041
X1_12_11	-8.71086419917551	6.93654632715083	-8.53000472156094
X1_24_11	-4.48852598877181	11.6213096524248	-14.6492714412655
X1_22_12	6.92486952164272	-12.3343618109972	13.940054074958
X1_11_12	-4.84913705067846	2.46486051204099	14.9380867142686
X1_21_12	8.10782460959854	-12.6945067119539	13.6995487999319
X1_27_12	5.39385690340431	1.18902768402259	12.6131648965138
X1_10_12	-1.38344913459953	-4.2414682695714	13.9536130151711
X1_20_12	0.124572936127739	-12.7022768075589	8.50504327143202
X1_29_12	-1.79731400839241	-12.944942074184	14.6133842514983
X1_18_12	-8.45837527710206	9.9429223378859	-10.0625693317102
X1_28_12	-2.60861225185173	-14.0431937636419	8.71667411717329
X1_19_12	7.23917429465186	-13.7257749017145	11.1336472197786
X1_8_12	5.36718076181021	6.11719350349263	-2.94014758179623
X1_9_12	2.02845785759839	9.07305266504277	-10.7368049182388
X1_17_12	-5.6756636691905	-0.795580282598807	-13.8162347714557
X1_16_12	-12.8812609826646	-4.16224122304323	-7.90740924870138
X1_12_12	-7.9635596242224	3.22394370272233	-9.25980001318705
X1_26_12	5.42511697138019	-13.2981243660886	14.3121454115019
X1_24_12	-4.74566518483265	3.05988121812658	-18.2236784180714
X1_25_12	6.8354967258352	-13.7570520331972	9.93917669765386
X1_23_12	6.40888547903791	-13.4753768674233	10.2884945510221
X1_22_13	8.71273179627545	-10.6570777839329	5.35800430089619
X1_11_13	-10.2375108178522	0.611439310230281	-5.11268538951219
X1_20_13	2.16180891648027	-13.2399921152241	10.1154193005589
X1_21_13	0.626935957958542	-6.34067113749266	-0.43515320576475
X1_10_13	-2.88040954438184	1.81082206959348	-2.69162278259025
X1_13_13	-3.71764208201203	1.75004210447419	-11.7302170968282
X1_19_13	-7.54713601903486	7.17887936088154	-11.1316024718204
X1_18_13	2.97169985513277	9.65211642979707	-6.7776972185159
X1_29_13	7.2838247179924	-10.7839948564245	3.74716013307241
X1_9_13	-8.26727010226532	5.00759967315508	-8.76346851803717
X1_23_13	9.93246420498248	-11.1887779924357	11.9333947483397
X1_28_13	9.25946684036274	-11.0181881792913	5.99683055215077
X1_8_13	-9.89799613362857	5.38687430073123	-5.47132083623321
X1_16_13	-13.0920092930364	-4.53517390363757	-7.56982986327723
X1_26_13	1.38578791663202	8.30405434244634	-17.1386603450132
X1_27_13	7.37001696339258	-13.9713544123593	14.1550340009167
X1_17_13	-9.12548343024336	0.508414125465965	-6.16043071063988
X1_25_13	3.28042163824683	8.71214739812876	-17.0694272295791
X1_12_13	-11.3304910014125	-1.03421394318384	-4.46324466371322
X1_24_13	1.38874625927309	-16.0280226858365	10.2164723426592
X1_30_14	2.7938247085235	12.7781568965349	-16.1148465196525
X1_11_14	-5.28196932403253	-3.04417493995551	3.68502059616046
X1_17_14	-11.7702013804742	5.06417827159619	-9.70528053015448
X1_10_14	2.21852819311949	10.2873243379256	-15.144809350399
X1_21_14	-5.58520852369385	6.52481850410348	-9.17540067146706
X1_24_14	6.58333273609141	-12.9162940561744	13.5990600890033
X1_27_14	4.76690908917748	-10.8328501157354	8.90203119002814
X1_23_14	9.40411276329222	-11.4836832489391	12.1770085030863
X1_26_14	1.17556484605837	9.81564388294364	-15.9872135533727
X1_19_14	-8.7038830647848	8.95790308226917	-12.4190327503999
X1_20_14	5.40397329173822	-11.8526626695483	15.1521999423926
X1_8_14	-12.0778243966668	-6.85588284323256	2.32254725301424
X1_9_14	-6.42375790508197	-1.75449786866184	2.43785140445773
X1_18_14	-8.20613489300424	-1.36339986682695	-8.7803614338044
X1_12_14	-10.6797556610295	-2.65629146578833	-6.11405872157657
X1_9_15	-11.2632988783971	-0.301321168353005	-6.07928896207488
X1_11_15	-1.32353072831738	-1.05688980424745	12.7213307484894
X1_18_15	-0.391813413738258	11.2653305893578	-7.44924855876953
X1_10_15	4.07494337353555	1.68835582707363	-6.92521734337872
X1_21_15	-4.93611559961324	9.6071692790181	-13.3613851163732
X1_8_15	-14.3103657177847	-5.42315102145006	0.521127734670356
X1_20_15	3.71507218268939	-13.1436684380787	13.0715946967012
X1_27_15	8.36165582415072	-10.9994516899982	7.39124874785763
X1_19_15	-8.3179127012913	3.71354915579466	-7.02986004621994
X1_30_15	3.06340168157535	11.6851560187515	-15.8765286971845
X1_17_15	-15.8351876660178	-0.331401088389069	-7.26679622115746
X1_16_15	-12.3963703129237	-3.71936566966218	-8.08916776649765
X1_26_15	7.70038671962283	-11.9873388415712	7.61118425774239
X1_25_15	1.79194408329178	7.81412790848321	-18.1137696288412
X1_12_15	-8.2286862431911	3.066128472225	-10.6563223018987
X1_24_15	6.48963633904648	-13.0533708945301	12.7463923990507
X1_23_15	8.4965635990342	-11.3207544568826	7.9257601227281
X1_22_16	6.57825464706709	-10.6229022253032	16.1048454887848
X1_7_16	-5.51541035247696	-3.75871405586516	12.6120150761693
X1_11_16	5.22195039293615	6.05120304100101	-1.87750722168193
X1_20_16	5.64131202326608	-11.9853620526215	16.0701937227914
X1_21_16	7.64747697807693	-0.431525402385958	-6.52390809466847
X1_30_16	2.61897335503108	12.9986716693071	-16.1392851919665
X1_29_16	7.81093235486132	8.60523052446353	-15.5671065096705
X1_27_16	7.54652974770354	-10.99993690289	3.63367588994115
X1_26_16	6.72794129677179	-12.856202603527	8.42283083158532
X1_28_16	0.97311521339507	7.15547870817061	-17.6493866902666
X1_9_16	-6.51071231177941	0.22599695723846	-6.33252733339794
X1_19_16	2.9862442428139	0.709182003138311	-1.46900611666763
X1_17_16	-11.5741565860368	-2.42079295005575	-4.3436580897517
X1_18_16	-8.29949881723925	0.0733494141265032	-6.912343649013
X1_13_16	-9.99445664849897	6.75974445822364	-10.5544182513185
X1_14_16	-10.53765556583	0.831986079441592	-9.91376932023988
X1_23_16	9.00232455654182	-10.3765678806152	6.42222895987893
X1_16_16	-10.5139214184466	-3.25622175142256	-0.855786346171829
X1_8_16	4.36351032862307	9.0236498591521	-3.53110668823368
X1_15_16	-6.18109443340844	-2.62635127716307	-2.30067447268923
X1_25_16	5.62804106248553	-14.2430560155539	12.858602925659
X1_24_16	6.18110666397155	-14.7022429128874	10.4903853289817
X1_12_16	-8.7448295392749	-4.14739202294099	-5.63464017479676
X1_11_17	-0.838620792372292	-0.767037148166526	11.4031546798011
X1_20_17	-8.03476945642026	-8.6429561403999	3.71305884349611
X1_25_17	5.69214666157262	-3.07171624580092	19.876257083061
X1_30_17	4.62158270264793	-1.63558562596111	7.88859189340775
X1_22_17	-4.6197541401464	8.75602196045096	-13.8861900779333
X1_18_17	-0.344024109362494	-2.10735765561814	16.1435069068992
X1_29_17	1.07353004865119	-7.62552188159889	11.1338370104157
X1_28_17	4.12474076555378	-4.19295421244078	7.55873981661152
X1_19_17	-6.54249268954808	-6.8979767428923	6.71943198184606
X1_10_17	4.65757252492037	5.27090142200226	4.98171474267253
X1_7_17	-8.43229964213971	-4.89784473179769	12.3261329137953
X1_9_17	11.2499149235639	12.1270881747875	-12.8885445904591
X1_23_17	4.97114184491651	9.07908874733328	-11.4278265205809
X1_26_17	-0.0599362361232161	-9.2635812063156	13.8062056626821
X1_16_17	-3.54343661279191	0.581882697110187	15.8006699457959
X1_12_17	-9.4391518778487	-3.50534042740233	3.49342903745472
X1_17_17	-9.54725057551917	-3.5689006776174	2.529883485412
X1_15_17	-5.64853621083831	-4.55564884883369	6.2794924780297
X1_24_17	8.49880617228825	-13.6224161872479	11.0603181345512
X1_13_17	-7.7236718092948	-1.12222543684611	1.24529837665915
X1_14_17	-10.2225926494462	-8.02471453936887	2.51551543100866
X1_22_18	5.47211385547343	-12.1055718674419	15.4453176379035
X1_11_18	-0.648665362326319	2.50942559050926	7.72581623438273
X1_21_18	9.2940134145128	13.0337511550596	-13.2535935496954
X1_20_18	5.13165636441879	9.1888027344901	-11.8964583429386
X1_9_18	8.92694519907279	8.20091816698944	-8.43077833665842
X1_10_18	3.12952538815741	4.95744050306596	6.42422333089397
X1_19_18	-9.40708480279872	-6.84248474583826	-1.92308669893159
X1_26_18	4.68116764305367	-12.6988116924792	13.2607536776517
X1_17_18	-13.3030895999378	0.668378682113372	-7.84803777762469
X1_18_18	-10.2964511012003	-4.80026823295341	-2.91313402249703
X1_29_18	3.19858696264309	-12.4456160144282	10.2189762936224
X1_16_18	-11.1106067954303	-4.25993942669166	-0.717097841290787
X1_8_18	2.14328114583872	1.43650073752535	13.3208916111186
X1_25_18	7.08539046563305	-12.1570542764116	15.229835509188
X1_28_18	2.24300027752375	8.30384896964406	-16.8401383779501
X1_7_18	1.35407046665837	0.642233551729769	17.5402149058223
X1_15_18	-10.0134207621615	-2.67231468631241	-0.098361872463487
X1_13_18	-9.61072236024993	-2.29314575288465	-6.24799559626572
X1_14_18	-7.71252287548906	9.59024442068058	-10.5540670516722
X1_12_18	-7.78881328270965	-8.20968844687924	8.17257292093105
X1_24_18	-0.22050063121463	-16.6497189593342	8.42007289447402
X1_22_19	3.97476513494581	-13.587472112469	11.2207633605811
X1_21_19	3.28581246626015	-14.2165259276987	9.22396073525046
X1_26_19	6.23515217802434	-13.0674931582594	13.0896509452595
X1_28_19	9.95608532237795	9.11056987716926	-19.084095487038
X1_10_19	6.16834257702912	1.69416389479396	18.8235193296019
X1_11_19	-2.743578173952	0.109902725020459	1.52426016456719
X1_27_19	1.71330216002947	6.69175916075837	-16.5373628825867
X1_12_19	-0.293594649852135	-5.26739377579586	14.4573045266152
X1_24_19	6.60571433493514	-14.0343123886959	14.2940315170789
X1_25_19	7.08795423876575	-12.9637450642796	14.9934194320422
X1_15_19	-8.26235080945849	-1.71300899721923	5.16597082574446
X1_14_19	-10.6935177866559	-1.96603202423446	-1.54408291814221
X1_13_19	-7.92803154842078	-3.20420821750366	3.50436234193941
X1_22_20	3.28855929608804	-15.2846596057818	10.6948783142172
X1_21_20	4.87291433199141	-9.56442335019897	16.2858521809678
X1_23_20	1.85751735808529	7.41900227416763	-16.9988918792471
X1_28_20	3.15697460798899	8.77644187291508	-15.7652697580799
X1_27_20	7.87031620758507	-10.7196480184488	4.33955345853588
X1_26_20	8.4329367462732	-10.5109332202889	6.47317776141796
X1_25_20	8.93993028918596	-13.4592909101208	8.5031978342674
X1_24_20	-0.260883073558541	-14.9631278962383	9.60487389874898
X3_20_4	-8.96289415212783	-2.48168120251491	4.76006190989145
X3_19_4	-5.02926164135798	1.75311339820996	14.0153205900587
X3_21_5	-11.1221909598923	-8.13331853052082	11.1202134322321
X3_12_5	9.96955223870026	1.15765374870519	-10.1224688755231
X3_18_5	-1.246644085377	2.96313863708191	16.9159801565284
X3_19_5	2.31769242808412	6.61693292081922	4.07039392181515
X3_20_5	1.21590338129216	-0.0724116699911247	20.1896116464701
X3_17_6	-4.44848146727187	-2.78738468452235	17.5480313783003
X3_22_6	-1.28072682243833	-8.08349299075093	17.2121265084835
X3_18_6	-1.10051069392542	3.24039898084945	17.9281986948486
X3_21_6	-6.24618822588063	-6.7129924621015	12.5922742250241
X3_11_6	0.95316588475901	3.47146112436398	14.71622899912
X3_13_6	12.9279886905474	4.25961370706039	-20.0799149598043
X3_19_6	9.65691807645159	0.716911616862077	16.6166544869401
X3_20_6	8.20673753202295	6.41016248763543	11.7799029373664
X3_15_6	-6.32267604756469	-4.67674581811529	-12.2206737845666
X3_9_6	2.49570884439693	3.09503677872146	16.5879319238805
X3_10_6	0.474246614499119	1.95935092830316	15.1885436203448
X3_11_7	0.776213765387186	1.22452561850497	5.96849205202276
X3_22_7	-9.68779517413141	-6.68070974829863	8.10072573297132
X3_8_7	8.87214998655367	-3.3696419588187	18.1999671961726
X3_19_7	0.787232964273257	-5.8750166383999	9.35649305393827
X3_9_7	2.78227931666136	2.03812438016829	10.8403627168439
X3_20_7	-10.1292419782225	-2.83573457112528	10.6636766020155
X3_21_7	-4.54678023166572	-0.0661378145928733	4.45275590502405
X3_16_7	-2.78500033208252	1.8907118217548	1.51021590354055
X3_10_7	0.236298553110979	3.18706481881942	12.8894723749348
X3_15_7	-9.24642967648548	-4.36111019942903	11.7533707215889
X3_14_7	-6.92183432252839	0.211221525237335	11.2272180565494
X3_13_7	8.34150184527232	7.29759984300464	-3.4600138934235
X3_12_7	5.27395760886574	7.62037962129665	1.85677177419658
X3_22_8	-6.72581497026392	-7.98462667609381	14.122670504824
X3_11_8	-2.76782609494417	-2.14092553556367	18.1234146686427
X3_19_8	11.5339787315394	10.0133240279713	-13.1918961414738
X3_10_8	0.528912986623468	0.139326817401277	9.61245506178509
X3_14_8	7.84404472278734	10.3500569964685	-5.85286896915237
X3_25_8	-12.5269310305358	-5.82539599496073	6.61662920086904
X3_9_8	1.73768704330592	-0.467342394202139	19.0981593442862
X3_8_8	4.97440010097217	-1.48196614223518	19.2386490210958
X3_12_8	-4.3446913801428	-2.94484959216323	18.5395864349243
X3_13_8	3.99143969878137	8.43661997279813	-1.98632863993868
X3_15_8	-7.44392600059392	-1.3541616225643	11.0673654647109
X3_11_9	6.14338341596159	3.56286645728842	13.1873724375088
X3_7_9	3.62046898370841	0.0208588342947499	17.9285324659964
X3_21_9	2.69370395319414	-4.05107867708333	18.2785812344321
X3_10_9	2.27256743283508	1.15326288435794	15.8549060976248
X3_19_9	-2.42122535439751	0.191952469606239	4.91376939737274
X3_18_9	-9.76174667876812	-4.18633269325687	11.00193423353
X3_14_9	10.427832664425	4.26294552594126	-12.983183071899
X3_16_9	-3.68641948509941	0.254951693039423	3.63274978287228
X3_17_9	-1.02243883281188	0.8766892847872	18.7316138223599
X3_20_9	-1.05854764274599	-3.15844025303838	16.4492025144899
X3_9_9	-2.91574320968557	-13.1749532848479	10.1380884375427
X3_15_9	-3.22154726226995	-0.213003667727307	-0.860246835440649
X3_23_9	1.2429476958395	4.98693541817792	-12.9299078431185
X3_12_9	10.0272856230244	2.51832683686555	-10.9940175014002
X3_21_10	6.83735913275798	-1.35163454131725	17.7806220669713
X3_11_10	-3.81005241081732	0.999556273491952	15.6897845335219
X3_18_10	-12.1657009182708	-7.31813129939	9.3829196845178
X3_10_10	-12.7176106196069	-6.30020477501105	9.71272988475483
X3_9_10	3.88447464198244	3.34253842879187	-0.846796118154408
X3_7_10	-5.9824126622504	-8.19093432821824	13.6270900101453
X3_15_10	9.14767357776064	5.14074576916936	-19.8960035471884
X3_16_10	-1.9786143578687	1.0349559997383	-0.378687743328539
X3_17_10	-4.06844303307422	-2.59469149541137	-3.70053869165971
X3_23_10	-7.66706506492697	4.44377584800669	-17.5720414022711
X3_14_10	9.88612960505523	3.46382576080686	-13.3283657097719
X3_10_11	2.24614742999959	2.65250170209592	-1.02317545154523
X3_11_11	-11.9147880903554	-3.1772534860993	4.03203437812016
X3_21_11	-4.85081425661264	-6.1446246038336	13.1630364514888
X3_16_11	-7.97822363711929	-2.00304549494876	-2.87528610617642
X3_17_11	-10.6665061779467	-5.74305026821901	7.62181626750452
X3_18_11	2.63486596612655	6.78202095033281	13.8494618955647
X3_19_11	-3.91090809847232	-4.67825453081906	16.9941273438988
X3_9_11	4.30240376625745	7.28239605757575	-2.62680612847717
X3_12_11	11.0149251424773	7.39368773303016	-13.671628897739
X3_13_11	6.61757754484423	3.56618075762674	-12.5951887133023
X3_8_11	-2.68844575450832	-0.59238784225345	2.69736806681875
X3_14_11	7.70279537168711	3.13286002561661	-12.3618750860345
X3_20_11	-2.72326183929038	-5.73503182667072	18.4212940893979
X3_15_11	-11.9983560271328	-8.55900413667713	3.78993393687921
X3_25_11	7.66579686250487	9.8822526717991	-0.243322252754947
X3_27_11	-0.0291900872182198	-3.60996889256215	-3.22111464892972
X3_19_12	-7.75086548812218	-10.937257291872	10.9493406581697
X3_11_12	-9.86884545050598	9.66863106479772	-10.5575187394898
X3_10_12	-11.6522693883554	-7.08579479600841	8.5501642097815
X3_21_12	6.76368581015358	1.65607583114009	-0.737525736329319
X3_17_12	-7.92646914365859	-3.7414274290105	14.5678547393962
X3_18_12	-0.194882777217481	3.71921438253658	16.116720415287
X3_13_12	5.21555729499966	12.2426014163766	-11.2004850692791
X3_14_12	-4.29157977891682	-0.0444151488992901	-15.2781972997598
X3_20_12	-7.01430823127645	-3.90358078342653	15.3277642038842
X3_15_12	-2.7688016744363	-1.56881841394179	4.31295785819627
X3_8_12	-3.81507271654591	-0.0478019453652617	3.23914414350162
X3_27_12	-7.19015785677098	-2.48456813479791	16.9762621734564
X3_16_12	-2.72436976559626	2.4405285012994	-3.76389629266509
X3_25_12	-11.9447333426549	-7.53150676659295	10.8059820044029
X3_24_12	11.195837998695	-5.23073957601951	15.5789962091684
X3_23_12	-7.21095549626355	5.37239529613995	-16.4876659434491
X3_7_12	4.35823851110354	3.35612553778671	-5.35064191849986
X3_12_12	-6.25789760268024	-1.15398883515991	-13.383172326472
X3_28_13	5.6600376919789	6.40161968606185	12.7157703811681
X3_22_13	-7.28649799626082	-1.09045469967166	-16.7459945955586
X3_20_13	-4.75501656257372	-3.41802812418927	17.6147503652247
X3_11_13	-14.8705572038589	0.631040479014766	-9.10166094769776
X3_21_13	12.0601103402591	0.460413049091334	-7.91280535501092
X3_17_13	-2.1604721043114	3.02504629031069	-4.00640070392681
X3_10_13	-8.78581294698674	-3.8655990773229	-4.65348774024831
X3_16_13	-4.43041567247074	-0.0638096593357291	3.73397483186651
X3_26_13	-4.74284594707824	-3.08377464813588	18.8216739857421
X3_27_13	3.86225169594416	-1.69611599607788	7.23110317578894
X3_8_13	-1.51407199813804	1.20152181864226	-0.353582787165711
X3_15_13	9.35594859941906	3.32782516199524	-13.4482631874879
X3_18_13	6.7645603357557	7.7280317864716	-2.46985765956867
X3_19_13	-4.07569432487553	-4.9190459531245	17.1678579670608
X3_24_13	-8.81801342566353	-3.57963593881749	9.56417211517074
X3_25_13	-3.84688058086148	-3.30078106664016	19.4127330145276
X3_14_13	-10.8412044307402	3.23712584153269	-12.0352150149772
X3_6_13	-5.93074947252923	-8.45735600268637	8.54678757599254
X3_7_13	0.0486586746324148	-2.19735341822993	-5.9201905827945
X3_23_13	-6.21010766093855	-5.17277847164845	9.96839521685542
X3_13_13	-7.80859756449924	7.33268981271384	-14.5094724425002
X3_12_13	-12.9026700700928	5.0025393613263	-10.3066728956529
X3_22_14	3.85761607287976	0.456770757131752	20.6923728279028
X3_17_14	-2.81047294442448	-0.636575678873542	17.0025429112757
X3_18_14	-11.8479291826396	-7.06557482285138	10.0532804817686
X3_28_14	9.88153865520947	10.0631817883088	-14.6360036112807
X3_9_14	8.90117343178399	12.8119532141238	-7.93971314626059
X3_11_14	-12.3395586234929	-3.55318462312402	-8.2157347520573
X3_21_14	6.39654153683817	6.51144548552402	-2.01191021662186
X3_26_14	9.84079370451648	3.05280721545659	-12.1271776907708
X3_6_14	-9.64074720542347	-2.5746915051434	7.47137606516868
X3_24_14	5.71547168948106	12.2797658973753	-11.0905585177345
X3_25_14	2.10170321670826	6.47450217579729	13.9788433082681
X3_7_14	1.49756926448502	3.77236899021286	-16.7035405988399
X3_12_14	-7.8977948140596	5.27137437314504	-10.3907941757998
X3_15_14	-5.46570576703118	3.0314269710577	-8.70089886246605
X3_16_14	-5.37217004537558	-1.87063116507117	16.9212359523305
X3_20_14	6.87701005810583	7.78587698450865	-2.75605109152459
X3_8_14	8.44826252468269	6.48226064751337	-15.8291677117691
X3_10_14	-5.83077267941044	9.34409215867086	-14.4225007689619
X3_19_14	-7.05793827125781	-2.04246949383174	17.1513096009163
X3_23_14	-0.469239606855013	-0.26054939327511	3.34581332125247
X3_13_14	-5.90357863721926	7.72367556165693	-14.8979973053656
X3_14_14	-10.9622947578785	-5.09338933412544	-0.586356649177863
X3_11_15	-8.91592304686075	7.64739892386298	-13.0713457612684
X3_22_15	4.08692315992004	0.642918634503936	18.2873024469136
X3_21_15	11.2243122561869	9.21135237898329	-12.6669285087517
X3_8_15	-2.68026571818512	0.155235183595621	3.37717947957142
X3_10_15	-5.8531088957265	9.24834795344364	-14.5385279485002
X3_16_15	-7.81122110326522	2.49740075777926	-8.24310083003623
X3_20_15	-4.69789179101677	-2.3395303931033	16.9339133207181
X3_17_15	-10.1591748924875	8.86254658231118	-11.3030545944046
X3_18_15	-0.767475354380475	10.8316007987261	-6.5138453754297
X3_9_15	-10.0212851211395	-3.83188934265921	8.18937442453974
X3_25_15	7.23278307868242	6.12648262195976	-0.615833797775023
X3_6_15	2.84577742116216	-3.65418121629738	7.83630942632504
X3_23_15	-3.01324889316931	-0.522151509441315	-0.782098666180324
X3_14_15	-7.07853287433279	4.00033805980859	-15.6126217213531
X3_15_15	-9.72755076094983	4.33932618653783	-11.5469068940435
X3_12_15	-7.84019842467273	7.25585845811888	-14.5496864616542
X3_26_15	5.77501636141457	-0.187005859573999	-8.64048324007991
X3_13_15	-2.95267200281669	4.90960189628502	-17.6292838797444
X3_26_16	-3.32648708359333	2.53247548127051	14.3214559988586
X3_11_16	-7.5147477875609	3.29347038968151	-16.9802448030029
X3_20_16	8.38314939696709	-1.69952704256347	19.7246254416649
X3_21_16	6.6704045983875	6.46423918379194	-15.7986783034703
X3_9_16	-3.41199478443365	-0.562998552437996	14.4645588688321
X3_10_16	-9.66367307053426	1.20545458834826	-4.72556913897806
X3_18_16	0.789087048074158	3.21926693365974	-16.8167269122205
X3_28_16	5.39500236160403	6.55081694494891	-13.8846932301702
X3_17_16	-7.05541359960507	2.08784986227988	-16.6357965733852
X3_22_16	1.90980876901605	3.02577170098059	8.40546760232015
X3_27_16	4.19429636235997	6.97792086238273	-13.6571274518543
X3_15_16	-7.67714066237528	4.44174786635028	-8.45889697099566
X3_16_16	-12.7749616229832	-8.36170410775421	1.97544228818752
X3_14_16	-6.98370380844966	5.75635000644973	-8.323184712693
X3_13_16	-10.9823314203153	7.20612711539675	-12.5430865349215
X3_24_16	7.97494737509032	7.29910626517231	-14.2610901098963
X3_25_16	-0.36143958091496	-9.03574325786255	13.9271236076452
X3_23_16	-4.28849845991586	-4.84972215789997	11.6246736287494
X3_19_16	-12.3759875333816	-7.62887488840873	1.84861851670871
X3_22_17	10.941373674848	10.8391523516186	-13.6986701459968
X3_10_17	-9.5261152120344	4.58975445333259	-4.8476567880055
X3_11_17	-5.26066085730955	-1.40500054230643	-16.4132197314842
X3_21_17	4.15400359133971	6.81106998964688	13.3682823210282
X3_20_17	-11.8748283639498	-7.56326793745258	10.4935285278348
X3_23_17	-6.31301404004874	-6.55221861205846	15.9315703835691
X3_17_17	-9.54599280951371	-0.0406576767596115	-8.34882778161536
X3_19_17	-3.63846228526927	0.67221588108822	16.640191189282
X3_9_17	6.04292714438361	5.72404969269709	11.894661073219
X3_28_17	2.54021536838018	1.61060365030845	-2.5689814182696
X3_8_17	3.10041003316	4.32251588090153	-2.90853223292702
X3_29_17	3.33174452616088	-1.84536323270264	6.87123661776247
X3_26_17	12.5210812304772	4.81203746349881	-16.4709846026596
X3_24_17	-0.390610286162962	-0.555178373649265	9.00545254346686
X3_25_17	5.24880161491106	2.23290602053366	13.7925542679998
X3_16_17	-7.10074822682505	9.3498005807864	-11.7772950478531
X3_7_17	-0.249410724607429	7.14830445376745	10.9428883219997
X3_27_17	-5.02323530805365	-2.55899534157631	15.8260057281348
X3_12_17	-12.6248746181464	5.55181590660846	-10.0383404135488
X3_15_17	-11.4754447548421	3.76839233237081	-10.9328302633428
X3_14_17	-11.7676229231222	6.52154013809552	-8.50925895068053
X3_13_17	-7.53808007463809	2.86362659646494	-14.2398288433738
X3_22_18	7.85076156641391	-0.0711081934195791	16.6163313088215
X3_11_18	-7.7977579099638	2.50395432117885	-14.3105304255363
X3_29_18	6.12246539012428	7.58318648236713	12.0654520839082
X3_10_18	5.3800357853301	4.00120769767055	12.2097538360653
X3_19_18	-11.2541494315144	-3.92583405519844	5.74535722211612
X3_9_18	5.16468515392128	-0.923257321269258	-2.03566685319528
X3_17_18	7.07805102323688	13.4088643133541	-10.6939153347918
X3_24_18	5.71870526509652	0.283310417577946	20.1733627916746
X3_25_18	3.17100563959171	-0.92807862346234	19.3135748242666
X3_8_18	2.17951998734769	0.874898233534423	-0.638211639505899
X3_20_18	-11.7381751950009	-9.10751817560771	8.76557780986439
X3_23_18	8.46888631609136	-3.25709477129981	19.5330226993255
X3_28_18	-2.37424896812614	-2.15679183907524	4.85565629224114
X3_27_18	3.60181437735792	5.13348145599152	-5.88927848674945
X3_21_18	-4.56642241404074	1.42643106604119	14.6309510527403
X3_14_18	-11.9296508789954	4.20692973332147	-9.42163356506622
X3_7_18	-14.6484019251891	-0.897369457844958	-7.36303341366312
X3_26_18	12.7602284650884	8.62502760067695	-18.3553932996149
X3_22_19	2.57740063334559	-1.95162205711024	17.7864149156843
X3_17_19	-10.2343802690409	1.36780372962877	-11.5420474201322
X3_16_19	-13.7423279011411	2.84348553062579	-10.3646543140059
X3_7_19	1.79396702964823	10.7787867965942	-6.48522415989901
X3_21_19	-1.29801774858105	1.07379181590436	-1.19051151993646
X3_10_19	5.04385400205209	2.32853417566163	11.6310749642263
X3_11_19	-12.0641251257506	0.525976795825457	-7.96193239756258
X3_9_19	-3.3818969424328	7.01294145793775	-11.697780884708
X3_26_19	11.4625426602005	7.14453007710365	-18.5214409944757
X3_27_19	12.3244302355466	5.57133929421126	-24.7259081841154
X3_28_19	-3.33375061356466	-1.52571802160957	1.43840329550665
X3_18_19	-0.672437272852081	4.58810662441486	12.6432298832906
X3_19_19	-0.304429666511424	0.568765276242922	19.1670965625217
X3_8_19	-6.08528062786282	2.85885606432415	-8.56669481284546
X3_24_19	5.3280950186292	-0.0172570414304243	21.3769153448309
X3_25_19	6.10680329958355	7.3534932232505	11.7095587370274
X3_14_19	-7.32134121215888	3.56389863159916	-12.9471176525321
X3_15_19	-14.4750718279849	-0.322921909554341	-6.98718375285198
X3_23_19	3.12166744121327	0.54200318677426	20.2005241848501
X3_11_20	-13.3128275476528	-1.34877292900611	-3.01059859896998
X3_28_20	3.180589033107	8.75635987293218	-13.9106010826343
X3_27_20	-0.337902547697825	-2.78899709807704	-6.26884398406235
X3_10_20	8.3617440228332	8.66922977975167	-8.01260354224245
X3_7_20	-7.23832406981654	-3.39388457531936	6.29466375166897
X3_19_20	-8.75446227250791	-6.56640685467108	8.21810642025348
X3_21_20	-3.91447941237842	2.3582699988808	14.3565529132113
X3_9_20	5.14723964135022	4.93615832164499	-2.14128396622041
X3_18_20	-12.0823505154318	-8.70650020640877	6.45755638211143
X3_22_20	-8.62256591441872	-10.8821912681857	10.974803728614
X3_8_20	6.08170338180725	4.35772286249956	-12.7194572503023
X3_17_20	7.92107456927462	-3.74152847498678	19.1497028154398
X3_25_20	4.79567324514166	-0.223864508973989	21.2048870324381
X3_23_20	-9.37778104249537	-10.6382767170766	11.6836199211138
X3_16_20	1.93932083050885	-0.119262202155088	17.4517874015113
X3_15_20	4.93469215364745	0.969083518125454	19.8584602303061
X3_26_20	-1.33354600906638	0.972903479174788	13.3520100494928
X3_14_20	-0.906598279346119	0.711065464043267	3.78065550152051
X3_24_20	-0.454740810750993	1.33275368187842	16.1772934268332
X3_13_20	-8.01250948141056	7.7822253333628	-10.5137530393364
X3_22_21	-2.82359041319986	-13.8437466100554	10.0996454743742
X3_12_21	-12.9316695544323	-0.34195970314395	-10.3546470133704
X3_11_21	-13.2875145966894	-8.89138943579536	5.16527904544539
X3_18_21	-13.8036959494434	-5.21066193126214	2.03102488884749
X3_28_21	2.23870476856767	7.14959822731456	-16.3488662737814
X3_7_21	10.6026425195131	13.3306622734572	-11.4463951153406
X3_17_21	-11.2225923163096	6.4003893124977	-11.0655742061983
X3_19_21	-6.46305198936746	6.23009493226143	-10.6493184857565
X3_20_21	0.999243805910592	9.490736143993	-13.0762977351005
X3_21_21	1.4917995243559	-13.2109271297009	10.944219725442
X3_10_21	2.09824067482669	2.57780850859997	16.2579005089633
X3_8_21	4.36525345824396	9.24001891210348	-12.6129130343587
X3_15_21	-12.115337255545	-1.89073239239456	-1.47841197089767
X3_16_21	-13.4163665281277	1.79061170311757	-8.31748272123584
X3_27_21	9.38821146315729	12.7412375136312	-13.258546116525
X3_14_21	-9.71178509209272	5.92759680415231	-5.55299871210349
X3_23_21	-3.66302199192543	-6.27708512273452	12.0667442289607
X3_26_21	3.97101808462125	-10.8869342483469	16.319191285143
X3_9_21	-0.0736463741518621	-7.33605270371835	18.4624663607214
X3_24_21	-3.35115993547455	-3.91875887385903	19.2627618834091
X3_25_21	-5.88431198946439	-7.48672499160992	16.6938541737708
X3_13_21	-10.2382100908567	3.45888993052227	-9.65143591570862
X3_22_22	5.9306267177539	-2.61480777556677	12.1662929504676
X3_20_22	-12.9485373434753	-7.33537101468205	3.53999030493605
X3_11_22	5.94614963259126	-0.618348409958181	12.2879264449461
X3_19_22	7.38095307447125	14.2398608712294	-9.87678302134883
X3_21_22	1.98574989041275	-7.30021725187083	14.4484767651531
X3_28_22	10.7340864446126	-8.10012755683563	8.04285431750466
X3_10_22	-7.77699412378234	9.50282073566024	-10.714426807492
X3_7_22	1.72752085082042	3.1078895092466	13.846287801053
X3_12_22	-12.7672183921829	-7.94659263513423	3.02733941079967
X3_13_22	-12.5272949211743	0.218013781547542	-10.2353423796336
X3_27_22	10.2887383561812	8.91700284625761	-19.2470410432577
X3_9_22	2.08125646796017	2.83178472586345	6.36053920319406
X3_23_22	8.00257924626057	12.7372039280796	-14.0309652839569
X3_26_22	0.231956613570029	-0.860639917849273	11.9350395420859
X3_24_22	-10.666935275047	-9.52198261941114	7.2509591800539
X3_25_22	-4.88848302810986	-7.06575118552722	16.9703541346989
X3_14_22	-13.7970220204976	1.59223319397938	-9.98679908423966
X3_22_23	-8.92405842806313	5.24265578275304	-8.54925394231261
X3_11_23	-12.4123132548652	-8.81651583718952	6.32221033120594
X3_21_23	-6.65952792063438	3.07944968959779	-15.7789982826211
X3_24_23	-0.926017375510421	8.02779894844154	-14.0831140060336
X3_27_23	6.50592787455069	-11.2817367287962	3.18630838692896
X3_23_23	2.96178577010929	7.04268361944643	-13.7017014553117
X3_20_23	-10.3632498589959	5.58311532294119	-12.9273096329922
X3_8_23	7.50980647381614	0.702229712154023	18.5363018023281
X3_12_23	-4.57763007995539	-8.46278932200319	14.1397391706872
X3_7_23	3.44754170512518	1.60534936490805	19.4695719258031
X3_10_23	-5.35844946775391	9.2215593460029	-12.4973286358699
X3_26_23	0.0168154149778724	-8.36365197315845	15.9333378265915
X3_15_23	-13.3305246844414	0.740402217304018	-8.80824978289421
X3_9_23	4.67008182098969	2.59573413429442	17.2897634355057
X3_13_23	0.0706517247403133	7.14739512783403	11.1958173936331
X3_14_23	0.864377794568666	5.42630289498641	11.7160294524239
X3_25_23	-6.95733181099895	-6.87865321973084	13.7446707797815
