V1	V2	V3
X1_29_49	-7.22454812310203	-16.1170992989989	24.2729028056611
X1_35_55	-10.0765454291233	1.92079365916455	22.4924196634427
X1_29_41	-28.851937918156	-0.308155032721439	23.6001493489421
X1_24_34	-8.09066094789474	-14.0175421283381	16.9026852739549
X1_32_44	-0.0171640901198757	-12.0929980048051	19.0338268277952
X1_39_55	12.1241013777109	-11.3425840312108	25.535178791697
X1_19_27	2.31497696551191	-9.05177507240549	11.0256674767727
X1_22_34	-29.4608085243394	0.202471637485643	23.4586442071978
X1_32_40	-14.4683976238986	-18.3822435669983	16.8734125280942
X1_31_51	-15.2759542227461	-7.24147434271987	24.6925028323949
X1_32_38	-26.7587115237374	-1.72720287337864	22.2438985758765
X1_33_35	-9.57409064421225	-15.3541126088385	15.4988286449858
X1_33_37	-28.0761461260162	-0.197659156112318	23.262217751567
X1_30_50	-20.4319009853979	0.673561120111319	24.5718884297681
X1_23_33	-27.7020102236957	-0.299626146936802	22.7570948388983
X1_26_46	-30.0816956382665	-0.660899157844105	22.8853586423376
X1_30_46	-19.4766741838958	-6.17716040980909	24.3563190647871
X1_28_46	-6.91966619206962	-12.1357333677949	17.7083903940788
X1_35_37	-28.115596785252	-1.43595350894393	23.4018724956596
X1_32_42	-23.2904091060032	-1.10698150263286	24.9997895810337
X1_32_46	-21.5365276205941	0.561848176117477	26.2222177423891
X1_36_34	-22.3870888198433	-0.696108559070383	26.0820766835664
X1_26_44	-6.76882255931274	-9.32148356112666	19.4138023398757
X1_31_39	-27.288080334177	-0.836575553935233	24.4625193597975
X1_47_53	-16.3635349132973	-18.1414214971161	16.6032889307717
X1_31_41	-24.0464539746042	-12.6445596801638	21.0969963625856
X1_24_32	-22.2077222395972	-1.17180011803885	24.5839303726557
X1_32_52	-20.928166962695	-0.359326482637625	16.5717837969398
X1_31_43	-5.56512907422299	-21.5065275847497	13.9098045480796
X1_27_45	-26.6714366310792	-1.2458580132576	24.2229530455022
X1_34_56	-28.5784424874952	0.380408797278698	22.9784738892334
X1_30_48	-15.846702641966	-5.53119194937201	22.6381406651312
X1_25_47	-20.4961199584702	1.69687252692604	26.7787044906194
X1_36_38	-7.63124600916409	-10.6891086061352	19.4275283537359
X1_30_40	-26.9411841550102	-0.191643997286245	23.0206623503745
X1_20_34	-22.4012914880323	-7.7366203414393	23.2316267683999
X1_34_38	-25.9826942552782	-1.40216683835026	22.9050663595543
X1_45_53	-7.93509529988802	-13.1716142724341	17.2464808198225
X1_28_48	-17.352755655022	0.339668107395738	16.3067326218573
X1_31_47	-18.5691743722141	-0.146677864593415	17.7321057824441
X1_34_40	-5.49458439771749	-15.2282372334289	24.2893778473769
X1_31_45	-6.04117729811955	-9.38937388150663	19.3028176967083
X1_46_54	-2.0558278249123	-11.3371184160386	9.12083647472884
X1_34_34	-19.5906482829262	-7.36752139439463	24.9600772794732
X1_34_54	5.73199598999984	-14.1869781840479	23.8965135023874
X1_29_47	-20.0592399041946	-7.21523349791749	23.5767126809892
X1_27_29	-22.7384432981704	-2.6261690618928	24.0624525626844
X1_28_44	-9.61544107424719	-10.2712714477285	20.5500725591787
X1_37_35	-25.937559687763	-2.88328986268471	22.3487337726004
X1_35_33	-18.196929036673	-7.94559784778186	23.9423880003248
X1_33_41	-21.5470584916235	0.917191797464458	25.5742960182124
X1_29_45	-14.5399315471613	-6.12816260453257	25.4070405692949
X1_28_50	-14.1264919020037	-6.62027044976645	24.0044280230152
X1_38_34	-2.65370382152502	-14.7786944703618	23.6885860712286
X1_34_36	-19.0983718345342	-1.81083102175492	18.6121207986333
X1_27_47	-24.0832684702984	-2.8633150273299	21.8027165682038
X1_37_37	-19.3632862175547	-3.12401044998406	19.5265394802539
X1_33_53	-15.6881084112367	-6.16960904447225	25.0449499418557
X1_28_42	-21.1373582108633	-3.22333256553495	25.6386955407916
X1_30_44	0.599963294789179	-9.32913152111588	10.6793474888033
X1_33_39	-23.6042214573701	-7.80302274393071	22.749707877291
X1_44_52	0.392033946792377	-13.7046259661855	21.8817229453447
X1_29_43	-3.95970760568752	-14.2815007579854	24.2741665367883
X1_22_28	-31.1525161706169	-1.8340571333524	22.9634177075786
X1_27_43	-4.65016184837132	-10.2126256329297	23.2587185418988
X1_46_52	-24.0876468006719	-0.818446394539873	16.1460209655126
X1_30_42	0.177858958797465	-10.6120964646621	8.09423982309774
X2_40_40	-21.4065468295703	-18.3868845287574	20.6094924997172
X2_37_45	-3.3277009234568	-24.4464740135203	13.8840375412486
X2_40_38	-21.5391186228326	-17.5167260930922	21.1737233661583
X2_33_45	-14.918923889574	-7.90304564716593	27.5816972977501
X2_38_46	-4.76906244270775	-21.85916925234	12.3192291285811
X2_53_53	-17.1510942305797	-19.8313649650345	17.4248307282123
X2_36_52	-25.0869747481794	-12.9454754105798	20.0143618595484
X2_38_40	-25.6707227894762	-9.31909129453907	22.0603143218641
X2_53_51	-24.9694586156326	-12.3691376724891	19.8369711183476
X2_52_52	-27.5054390715895	-11.2374584519302	19.7602475641248
X2_39_55	-26.2111254594779	-6.70136582023958	20.5297708187916
X2_38_54	-24.2609918503039	-4.38653412641261	19.7952609584031
X2_30_38	-31.5625529841073	-4.19392446053593	22.1830541051872
X2_42_38	-25.5563740579962	-14.4234061430801	20.7035823702237
X2_42_40	-24.0186551113902	-12.9564067215754	20.607926983817
X2_32_38	-5.74317759229797	-21.9068972998534	14.590785536135
X2_52_54	-3.87136344968729	-22.9969212533811	13.0809635008168
X2_38_42	-24.2013190383873	-14.1714389327554	20.580179627343
X2_52_50	-28.3097336710886	-9.87710001020419	17.5981032753075
X2_33_47	-16.242226755552	-20.4940965634474	20.7379270360591
X2_41_39	-27.1556201195284	-7.73884076715793	21.2450250840872
X2_33_49	-28.7466321213397	-6.44965412395817	20.6006620949201
X2_33_41	9.16753656846269	-20.0058494355661	21.5567445911355
X2_40_54	-26.5960376606269	-7.18878264031853	20.5878667653024
X2_41_37	-19.019413510312	-19.0386513323798	20.8381937914111
X2_41_43	-0.322808957250646	-10.0064656554528	8.97762425677668
X2_54_54	-16.6893434140343	-18.8079703031795	16.9556274046621
X2_38_48	-21.1716039288999	-1.87942560610871	16.1079536763596
X2_32_48	-28.1794236450972	-9.72394044309316	18.1955557437366
X2_41_35	-17.939870828043	-17.1585259189169	17.2805012243749
X2_35_47	-15.3556104707416	-15.8634674165185	24.9338447264557
X2_34_48	-28.5305882882984	-8.44931224057285	19.7755281459519
X2_37_43	-20.5225235690297	-18.5104288130331	20.9178393175209
X2_37_41	-23.3575627331299	1.73633373097503	28.9365135463812
X2_39_39	-24.266123446687	-13.0106359542168	20.1842205501593
X2_43_37	-29.4196724422131	-6.7587658160255	22.5927823845213
X2_27_39	-25.6733539264187	-5.42655939648181	20.7059399055453
X2_39_43	-29.5698974310003	-7.58031823423272	21.9179254441687
X2_43_39	-27.108084539459	-14.6392023012057	20.7174436925295
X2_40_42	-19.3832042143235	-7.80985050584173	25.02720029378
X2_32_46	-11.3336647420152	-6.66136101243136	27.3240225390834
X2_35_45	-5.13672048095172	-23.4120810826497	15.577535074081
X2_36_44	-25.2853801873471	-13.7845952511992	20.6236196084401
X2_31_41	-4.58833060396048	-10.3004742414798	22.6109046423207
X2_31_39	-28.1618028131188	-9.65104175661595	18.375116948342
X2_36_42	-22.4069991723021	2.52610951482521	29.6264538351077
X2_45_39	-1.76329934280009	-4.05856134047981	17.2950727417792
X2_37_53	-4.91096742730769	-23.5131215820915	16.0185513344665
X2_44_38	-26.8155759870631	-12.4571644898356	19.1584330387463
X2_51_53	0.215365160446813	-25.1922128277224	12.0772555816132
X2_34_46	-15.1467298263667	-19.9582192094611	21.9944968755061
X2_37_51	-9.12851776650495	-17.360012105902	15.8517143707844
X2_40_36	-15.3408439898297	-19.2603997822503	22.9376329380763
X2_39_41	-19.9069882919759	-2.44600579692917	17.3352993692443
X2_33_33	-23.6243035763207	-15.2333659499459	20.1521040486844
X2_38_44	-0.54327158887803	-10.1159482465794	8.89333264917527
X3_39_47	4.68318387918244	2.19565463362181	-41.7050675248418
X3_42_42	-15.9792443239846	29.3639954760042	-26.2758556125073
X3_39_55	9.09031224526704	6.08174818382772	-35.7392234916932
X3_40_48	10.4807724869996	4.06977139052363	-35.3378870219191
X3_55_53	-16.1447900838646	25.7327660676461	-25.8021778595373
X3_42_38	-4.97729650718525	23.3232894050396	-35.436799792306
X3_41_41	-15.4878745212082	29.2979187422874	-26.8099160149124
X3_35_55	-2.77729764863056	18.806138302939	-33.6044807559174
X3_39_45	-6.40689155199824	24.1708490250645	-32.0747608043402
X3_42_44	-10.724018493991	27.0762859412227	-29.6637664143106
X3_38_54	-12.5919645872617	28.8445530981211	-26.376910671631
X3_34_48	-0.343047210613562	11.5669820197167	-30.5256182401365
X3_34_50	-10.9424036791078	22.1923288712388	-25.8654987568601
X3_43_39	-10.2302215861871	28.4181759871676	-25.5303876979815
X3_43_41	-12.4694776559073	29.1245402587466	-25.8200633691708
X3_40_54	-7.94031177769302	24.9303858883225	-28.0230248884998
X3_39_43	-17.8910653760936	20.1816799476229	-28.1655874882084
X3_35_51	-10.7439711629481	27.4336612114601	-26.0193187562811
X3_40_42	-14.3094665947488	28.5109158421618	-26.5232329998604
X3_35_43	-5.76530345405843	18.875937620808	-25.5849456046443
X3_36_50	-6.08894730339797	18.9313697723289	-23.9602552963543
X3_55_55	3.7102621059935	2.60537266214062	-43.9462591097431
X3_44_40	-18.6188833853214	21.3729708908989	-29.7420037126743
X3_35_49	-7.90076709771093	24.7815817572597	-31.9119341077909
X3_34_42	11.9696780546795	-9.44079909990626	-25.3588383086744
X3_40_44	-14.147501114241	16.7666260597601	-25.8151496925206
X3_33_51	-12.0307514741004	26.9963215580286	-26.4993766762101
X3_33_39	5.36005682218246	2.33951849799313	-43.7138338810523
X3_40_56	-12.1980721259588	16.0746414712127	-20.9230144564028
X3_45_41	-2.02981747602196	13.0451155572536	-30.3246114677053
X3_48_58	7.63605096242669	-0.0381511765494666	-38.9125740188652
X3_56_52	-12.3466294224186	21.2295884885925	-27.1441320351596
X3_42_40	-8.89086863753638	24.8515066010562	-28.0297027854031
X3_43_45	7.3058971318046	2.21620915547741	-27.4665656528341
X3_36_42	-15.1098692010719	28.8808887985499	-22.3261001892813
X3_41_39	-5.30047039545159	23.2117808436721	-34.3510952613126
X3_37_37	2.20438122984759	-0.791159135714883	-34.8673479977636
X3_37_53	-5.34399754572581	15.204843804805	-35.7339470779658
X3_56_56	3.69935559327249	3.9051178369736	-43.300315480234
X3_32_38	0.53685154208007	14.6493045132243	-32.0189604983225
X3_35_35	-9.95393479946524	25.8086287268829	-25.8586903456892
X3_33_43	-0.157176067147246	-8.00197203186847	-12.519785376543
X3_45_39	-15.1199240341923	28.9439577586444	-24.9068557304699
X3_35_47	8.33178572558558	2.28667007410093	-33.5999455188746
X3_41_43	-19.804338280763	20.0007188876294	-28.744059640544
X4_48_36	-2.51308329103415	18.3549721505226	-33.5231068417118
X4_43_39	-15.2662581265166	27.7308602067354	-24.7961893939324
X4_49_33	-13.5205525596712	27.8363400171023	-30.0567082489519
X4_46_40	-5.07235140209233	12.9475737046532	-35.4789635697665
X4_43_29	-14.1375475018193	22.3139742702971	-30.5750148478395
X4_47_39	-4.62619214878456	14.098982810873	-35.8358416193019
X4_44_38	-2.30591772318421	16.3168717192769	-31.444551004825
X4_49_31	-7.01894970183084	25.1014495981008	-31.8737692710152
X4_43_45	-5.50208346569018	16.45476794217	-29.8043124707892
X4_48_32	-13.8723261832821	26.2100281603979	-29.829180601868
X4_44_32	-13.4041999351282	17.1549673402333	-24.0943361575115
X4_45_31	-3.8812315350678	11.1470705751611	-28.8108531708826
X4_42_38	-14.4838890352782	21.7758736277979	-30.6724577125947
X4_51_31	-16.3062421002064	25.4077226553985	-29.8442516781574
X4_46_38	-4.40948094316842	19.3669998027837	-30.5961751998451
X4_41_29	-19.015292575627	20.7291049343074	-29.0573612981984
X4_45_37	4.09646650546493	7.47626436115379	-37.3964821085521
X4_55_29	-8.23507781572593	16.6564638411893	-27.6244146981891
X4_52_32	-17.8123498824517	30.1080258975421	-24.5445654847998
X4_48_38	6.19785586879891	1.2178218368332	-40.4583346312225
X4_41_33	8.06656938842337	-7.1121635238361	-25.1935658802362
X4_43_41	-16.2749749571439	26.6155858549474	-25.5564560407029
X4_50_50	-13.1799066588128	26.945737568758	-29.7504714759943
X4_50_34	0.313988563884597	11.5834352481056	-35.8205013745177
X4_46_46	-5.34362800087107	8.80982677054345	-26.4667954081824
X4_54_48	3.58390905289594	-2.15096520146401	-38.642618920853
X4_43_25	-4.2204647653935	13.7208747464908	-36.2470854227105
X4_51_49	3.8726172883033	3.74655037531311	-43.2969440414842
X4_50_32	-3.51300904016851	13.7001882050018	-36.8807825215922
X4_47_45	3.20710166624197	10.8173284837357	-37.0453677601808
X4_42_40	-5.67906354455512	18.0729902821113	-26.7057855048711
X4_50_30	-4.49040745052295	14.5499110986231	-35.0652002544787
X4_51_51	4.04148724143401	3.75777048137052	-42.2457585793078
X4_43_37	6.51475319592142	8.07889151864119	-36.7892606792746
X4_43_33	-8.6409702681627	10.7241456800761	-18.628033340751
X4_54_28	-4.7736465430403	8.45071834570663	-32.4988837918599
X4_49_47	-15.3127168623752	28.0306635312942	-25.7332120164594
X4_51_33	2.7524153551254	9.49264510319885	-27.8045548634565
X4_47_37	4.76232333916885	2.30869575042294	-42.0362524205806
X4_48_46	-12.6166356000384	23.3727548905054	-26.7031610840666
X4_42_44	4.79603813806406	3.04145654923778	-41.6658459570158
X4_51_47	-13.8806632625675	30.1616401207372	-25.7012941478412
X4_55_49	5.66387129227219	-3.01272447076976	-40.200480291975
X4_50_48	-17.1594695341875	25.2751992887342	-29.5907377225703
X4_44_36	-4.66698030347264	14.6318227333518	-35.0122751654522
X4_42_32	3.80581348290999	8.00022762112566	-29.1131529663618
X4_51_35	-3.39430697590304	15.7981865064633	-29.4041639702955
X4_52_28	-14.0651872966041	28.4422707890463	-21.1832338188427
X4_49_37	5.74043278451454	-3.65436767361022	-29.8550129568214
X4_40_28	-14.8202786320466	22.6752942324182	-30.6426695482687
X4_53_29	-15.6684310778304	28.4423740494089	-21.9214528808063
X4_47_33	-10.7406942176427	20.8350333267642	-25.6605301388243
X4_45_39	-11.6300945060975	20.153465111378	-25.7414545825072
X4_48_34	-15.639971730183	24.8441432370416	-30.1735507223536
X4_54_30	-18.0890972821197	29.4548414977662	-24.1505043590717
X4_62_48	26.4618635055556	-0.500079112692611	-7.21631861290897
X4_44_40	-18.2911500767796	17.9754879269802	-28.2547221274973
X4_63_47	27.4594951195596	2.15458080062526	-6.20750306402979
X4_52_30	23.9451371635185	4.68951167764786	-7.22344563667938
X4_41_43	3.59569268586509	-14.2115491666678	-11.8132746575557
X1_48_54	-22.5841216104926	-3.03096225663788	22.9008623158682
X1_32_50	-5.72027072251662	-14.0667662185897	24.2717039716751
X1_19_37	-4.8739711579211	-15.7365785356097	24.3421429208531
X1_44_56	-6.10432337487633	-17.104125260518	23.1532955531326
X1_22_48	11.8538107139967	10.9688351702392	24.0639064073662
X1_29_35	-18.8424276588259	1.37146481577637	27.0382792712186
X1_36_40	1.86337765052522	4.51507861077782	26.718208184092
X1_38_56	10.7935120613576	-16.4132105350408	23.6219523870162
X1_19_47	2.3926750582903	11.105493204661	25.4985409913841
X1_29_33	-0.681423360261322	-22.1555715827055	23.4599977878592
X1_45_57	-25.6015763238834	-6.33143449648906	22.0868090469352
X1_25_35	2.44303684947471	-0.0194623461715891	29.4414576236326
X1_48_40	23.0865678021863	8.05396941243743	12.3402266324681
X1_36_36	-25.94387883012	-1.59757836789642	24.3871929306005
X1_21_47	3.92923871519243	10.7809934828528	26.4222169340149
X1_42_40	8.08895111752203	4.94576593147071	26.5368079396476
X1_30_52	-4.07181670211918	-8.93559217276874	24.4515210521641
X1_30_34	2.24713513692731	2.45513838220452	28.9707088949427
X1_25_31	15.070228537661	-9.95383058496944	23.0481943718974
X1_26_50	10.8590783103589	-15.2139764886571	24.1986634965971
X1_32_56	-14.6637192535068	-6.83114291324976	24.8589889352377
X1_31_37	1.36652543616464	2.23491214774742	30.0142217250505
X1_24_30	10.2744527581822	-0.272309757538763	23.5787329894611
X1_32_36	-6.76661752575759	-8.95398637849758	19.5886074048598
X1_36_58	-18.1284028241108	-7.20448736374903	22.9204071260072
X1_22_30	7.9325757475285	10.4543489346485	24.7829734478394
X1_27_51	11.257925721152	-15.3581583325668	23.7850865120063
X1_24_44	6.26756590259593	-1.74935332544913	21.8986889031069
X1_16_36	-6.55802058648993	-19.2266992740357	13.8017785807918
X1_42_56	11.1821502699825	-16.8338569245158	22.1560640656806
X1_20_32	-18.203942496367	-6.59530053302522	22.3080965100957
X1_28_52	-1.30571119647686	-15.3256196188981	23.6148200740752
X1_33_57	5.80038645199835	-13.8530371851473	27.2825771497939
X1_43_53	-3.26877746492663	-13.2375609611197	22.5209290613294
X1_46_50	-30.7233797732123	-1.32351905099616	22.8863532957937
X1_40_36	18.5957852412034	-10.1303749647503	22.1247786228704
X1_40_34	11.8377542912689	-18.3140332104552	20.67141490751
X1_43_55	13.0325574257895	-10.9998797549553	25.5167329069454
X1_40_56	0.550758727041751	-22.5602847069841	13.1758736308161
X1_43_49	24.0459155450566	12.3658654583876	8.16931546590946
X1_17_37	-6.67048209519252	-21.9303707384974	18.2736027758817
X1_41_57	2.08665120368957	-15.0686507772761	23.5571293677537
X1_22_38	-20.6527480298219	-7.05607785753359	25.2903443342649
X1_23_47	14.9335567822525	10.9899175345141	14.6688623339705
X1_32_54	-21.8078487640203	-1.17574793425897	24.3659906521657
X1_47_49	-30.2595545170088	-0.485399568932768	22.2270804435714
X1_37_57	-4.75051192456578	-10.6688222915134	24.1338504918839
X1_26_38	1.45823409367067	2.22468370680141	30.2851103931217
X1_19_39	0.866667712565835	-8.34405182335673	19.0262495801305
X1_30_32	16.9308674861864	-8.61629472160888	24.7100760569508
X1_31_31	8.06570983286042	0.564818344076624	25.462583849431
X1_48_44	-8.33919823024804	-10.9832910998573	19.3994745196588
X1_33_55	-22.7929935852124	-0.406750259456952	26.7011610499497
X1_20_38	6.13189266585283	-13.7436663926807	22.5754593669666
X1_22_40	-23.5498920819889	0.500286921975222	27.6486781322511
X1_43_39	11.4074996841323	-18.0908727751928	20.7746941076536
X1_28_40	6.64598717982955	-12.4234210168625	24.4314706825315
X1_33_45	4.92403981757572	3.48082138911519	23.0254818230158
X1_16_38	6.27138848993745	-10.5212817482901	26.6878122933285
X1_32_48	-14.1752260909713	-6.67874915602658	25.6278486116886
X1_22_42	13.9922918911678	6.54169194029191	23.3900444832292
X1_25_49	3.5658441924888	-11.8954470147283	28.0503771056652
X1_37_55	-13.6909995765697	-6.19855646789991	26.7891837018058
X1_31_35	2.42652886304522	-0.191392407301948	29.4864258938476
X1_34_48	9.55634684351162	0.195689901900516	24.1466027605132
X1_25_45	2.63917779168276	1.70344778411301	29.8239639765046
X1_39_57	11.1295799851774	-16.3750285473087	22.9572339315936
X1_34_32	-14.4454794529984	-6.31610579988124	26.0588861503929
X1_35_51	7.25603464719914	5.46381097124511	25.434262399277
X1_48_46	-16.2826008537387	-8.51580479036256	23.9950165891916
X1_24_48	4.07655634754901	10.8200494156782	26.4887129952013
X1_48_50	-4.91014803418781	-9.92967607415514	21.9818968664269
X1_19_29	1.64213971262074	4.00334118461428	29.2345556425228
X1_36_32	-5.68303560052253	-8.40396760697338	18.0417427853307
X1_19_41	10.4638688372178	12.3492956111299	23.9949256027464
X1_47_51	-20.7904220568139	-3.7480976433117	26.3446002580162
X1_47_47	5.70417875211652	-3.87126854112426	22.1518784106653
X1_36_52	12.1627455985094	5.99527916996905	24.5008225036
X1_16_30	-16.4132655688328	1.09999928971505	15.402581714203
X1_23_35	-20.7150462373536	-3.69245793798341	25.8753590906123
X1_30_36	-8.80597252435035	-11.8621707036561	21.2852695996282
X1_18_40	20.4393038745063	10.9914321071452	13.1904485283241
X1_46_56	-5.52438734969585	-8.91302033693948	18.0031926927122
X1_35_39	-2.22899930076242	-13.8768684520086	23.090880688163
X1_45_41	1.81859226478363	3.49907558704448	27.3194892839663
X1_25_37	11.0826610077028	-16.6890014929681	23.0965694490329
X1_30_54	-25.2047432699266	-1.87773906781118	21.9594933378671
X1_26_42	2.06443686684804	5.93477265808599	28.6905593844202
X1_29_39	-5.85616014353803	2.84849076670022	22.7171062404587
X1_40_52	15.8784067737175	-6.96083517564628	20.9433308488768
X1_39_53	15.056835924527	-9.22019311238919	21.8395156948432
X1_19_43	6.27625761538252	10.5289479432419	25.4883893267476
X1_23_31	2.99430699698571	8.14804244707741	28.8867021824824
X1_49_53	-17.8657457750322	-6.52109532712585	22.2621684540885
X1_19_45	5.82740020318386	10.0928058550762	26.5004860026638
X1_35_47	19.9639737855061	11.0223986137182	12.7826316306551
X1_39_45	17.5942888753802	-2.9998143059704	20.9265783295542
X1_23_41	9.38321445965472	5.36993927561782	26.694363107416
X1_29_31	-7.4749880041631	3.11556369784508	22.1997393886616
X1_18_32	-15.917891984617	-5.46990501851192	22.5491055795685
X1_43_57	-19.1547122985483	-2.93894969091744	18.8802841488187
X1_47_55	-2.9063051501416	-7.70680510768839	18.7029816899353
X1_20_46	5.38120767124164	9.6698786489935	26.9425064862984
X1_35_49	18.0784416889332	11.0397803403152	18.0753057497933
X1_35_31	-22.1295685317365	0.245175436022017	26.4551527440329
X1_31_49	1.31095721151316	-14.0814268086772	22.7237378680468
X1_24_36	-19.9991692936382	1.29674417335941	26.7649985864775
X1_17_35	-3.54558270918732	-13.6051068187142	23.1854230691953
X1_37_33	6.12160443331872	-5.15483118547656	22.6994366836614
X1_25_29	6.32674738651588	10.7627838804008	25.9598514937756
X1_16_42	21.6682909061696	5.97261454533905	7.69513086759273
X1_34_50	16.2254833893063	-9.52843680068138	25.6746549552546
X1_27_37	-5.18307544063171	-8.07483029489183	24.8760531353714
X1_34_52	14.10806323351	-10.7407375317369	25.3557170529114
X1_30_30	-20.4721836257936	0.0952972280989025	18.4704899185292
X1_49_41	-0.696630783168812	-8.86387682016768	11.8950478967362
X1_19_31	-21.6236271614531	-2.38215842330035	25.3677182221394
X1_40_50	16.8159002653365	-4.78182436273353	20.7141306707201
X1_23_49	3.15699657930923	8.85127721169642	26.4264069053043
X1_44_54	-1.37612881146874	-14.7810902526223	23.2850877164253
X1_47_41	6.16793501681829	-13.9233755499446	23.8594559784774
X1_37_47	20.1246950800519	-0.621736268549635	19.1406987530999
X1_31_55	-8.44824542903259	-17.6622323300847	15.0718878649165
X1_45_51	-12.8853876985684	-6.56180467288542	27.8063995125308
X1_42_52	15.0654068143841	-10.8050033121523	24.3191132966178
X1_21_43	8.86803994922978	11.3711369510525	24.8970162595922
X1_28_38	3.28625121042667	12.9900275267592	20.7337961372249
X1_37_39	24.2806154476332	5.43005412054628	6.69441789615194
X1_20_42	9.47629034244189	11.3001247135907	24.7720918724289
X1_29_53	-18.9355175152203	-7.43912642208067	24.9967671597773
X1_23_37	7.82278861826799	-14.7607470845194	26.6020606926432
X1_35_35	-25.6034559523262	-1.62990131623969	23.858956341791
X1_39_35	15.1297457877745	-8.42280625708968	25.2872914343065
X1_16_28	-6.54925163962037	-10.8393159489169	20.1940585557775
X1_21_39	-5.04424746014285	-11.6765164232196	20.5524855904402
X1_15_39	18.8080289486371	-3.09198948100196	21.6059751768632
X1_24_38	-15.6108040398151	0.577337463805385	26.1052901656193
X1_33_43	22.6776544993458	6.29986702738594	4.52643907486666
X1_39_43	17.105403814821	9.3658273506214	17.0906173470115
X1_45_55	1.10290179664103	-22.1556848104998	13.2023438684169
X1_39_33	2.00997037440319	6.16449118239711	28.8734720794442
X1_20_36	-4.20200876587199	-8.61264312933558	24.21887784277
X1_26_40	23.8536226341012	5.14187686043475	6.0047283047656
X1_16_34	-18.832332424882	-3.40981863856654	19.0912712438885
X1_33_51	-0.651597483695755	-15.6205552764592	23.5600833103998
X1_20_40	2.23138660631619	11.7447464683961	23.4322648567527
X1_36_54	-10.3740653108502	2.16221869047987	23.0763884897477
X1_34_58	-30.659855767775	-1.25518616477441	22.624531687773
X1_26_36	-8.74406915776165	2.12351868254393	21.9051080790494
X1_27_41	3.00429057121502	3.57250515401221	27.4388785655109
X1_50_52	2.0275662504896	-9.31624786980581	10.8912483603875
X1_21_37	-4.90299226574157	-8.44346628456973	19.8495611866452
X1_27_31	21.6126721107067	12.7333695305773	8.86462634651069
X1_49_49	-4.36213402651813	-13.2562817298245	23.1722780942025
X1_36_42	10.0800277747513	-0.0534094283415667	23.8586951589596
X1_33_49	15.146088991738	-11.1624043272508	22.9087248237907
X1_20_30	11.1156485606808	4.48979183658095	25.1651131395035
X1_17_33	-5.63514808616799	-9.61199853799639	22.5614545435825
X1_35_53	-13.3192289050025	-6.40011940483535	27.485394869774
X1_17_27	5.81184865848479	-13.4755021113807	23.388459523294
X1_33_47	15.2990531581404	-8.7616349937015	24.7698251277609
X1_30_38	-18.9011532618293	0.741825774699252	24.3673984169358
X1_19_33	-19.7227043851672	-1.96578474335057	18.0923514728506
X1_48_52	-16.6789795115109	-7.58160753989244	24.3302682453619
X1_40_38	15.6552891205135	-9.29567244095875	23.8166235262089
X1_37_59	4.46847976489582	-12.8858534185932	27.378937319461
X1_26_34	-15.4911463988195	-1.94729103497401	23.9905310644377
X1_29_29	-22.0524546326757	2.56223345461357	28.7456233955421
X1_38_54	7.79994337242647	-0.514780223514006	25.8565987409967
X1_49_51	-21.880232695475	-0.373209071599469	16.1071900028413
X1_36_56	1.6714162955285	-15.0056175421958	23.2733647045734
X1_28_32	15.6008398051051	-10.2015960149932	22.8904438473357
X1_45_49	8.11285684842844	4.36625755043554	25.7261526211009
X1_18_30	2.64188421930685	-5.43382272153476	21.1443758524637
X1_46_46	19.4595720180566	10.9688848013845	13.4840267412324
X1_17_39	6.60597643826285	-1.79266653158468	21.2272145687568
X1_33_33	1.3872689134463	-5.08715276658484	21.4276794802423
X1_43_35	22.2316914415604	11.1992677797951	10.8836754123403
X1_29_51	-20.8348753308556	-3.40273535053454	26.4348987885191
X1_25_43	2.02498372942639	3.23729485651584	27.6736573115258
X1_35_45	18.784265554805	-0.965252845952972	20.8907294146104
X1_28_34	-16.2959085952988	0.19346085354145	23.7144902441488
X1_27_39	3.93099685301322	1.43516809179526	29.4868576432784
X1_23_45	18.9016119847709	11.5404382501691	16.5661396300684
X1_16_40	1.92890758925456	9.5450918296185	24.8073206110862
X1_35_41	4.25007275409223	-12.6829883252473	27.5377951779607
X1_38_36	-16.1528687742098	-0.365807095630386	23.5045998523148
X1_25_39	6.50975323261697	-13.9752132803224	26.9552271747658
X1_38_52	12.5509416063678	11.1939279568402	23.7123915898341
X1_18_36	-0.809566160386546	-21.4471400685623	23.6379806160635
X1_23_39	-16.181761520137	-1.11681648010984	23.4604553504246
X1_44_34	24.873128201575	5.4439605129778	6.27915910702758
X1_24_28	2.76966875649493	9.40795276671823	24.8742667137786
X1_29_37	-6.35718155179273	1.96763168089889	22.115247870858
X1_17_43	3.73495334843573	12.7431103796325	20.9493550315112
X1_44_44	21.1564544552916	12.6342598084845	8.82216225996678
X1_40_48	22.0409822016544	12.1371743157272	9.47107383949925
X1_27_33	-6.38097956273365	1.9512414677654	22.0073314947792
X1_45_47	8.41751613430757	-0.21427205237626	20.8031260155775
X1_34_44	13.1886729889877	4.61573036513129	23.6978994107892
X1_25_41	5.88497948924975	-2.54274220258582	20.2336761751479
X1_21_33	-19.1631206129643	-0.483179750926876	17.9366534136195
X1_20_28	-10.6271756955032	1.72794893880802	22.5436455979271
X1_31_33	8.702947916263	-14.6927497204618	26.0711192364615
X1_41_45	15.6726090597961	11.7142279517221	20.8212859093407
X1_21_35	-23.0561934096101	-3.50645884842382	20.3983460051961
X1_43_43	22.2085262931504	6.02768999317604	5.08342102637302
X1_43_41	13.8075266289313	5.25381706784474	10.4871889921532
X1_37_41	17.837509016578	-2.7699968126645	20.9043887984841
X1_19_35	-3.86236933326701	-8.22405353005803	23.342234535828
X1_41_49	19.4615975735455	-1.24314364532381	19.8369434558691
X1_20_48	-19.5786377633963	2.25691530043404	26.9369894679488
X1_41_37	4.09235165579169	-8.47378359375736	11.023104364757
X1_33_31	-5.1088782685591	-6.74903640873198	18.910329257805
X1_35_43	17.7632167077962	9.8019630560023	19.4040690056712
X1_23_29	2.73352086175001	8.03763204077924	29.2732284464596
X1_34_42	14.4352833467661	-11.0218971824943	22.1651732713848
X1_44_50	14.5886427952689	-11.5449154331028	23.4151888511814
X1_24_40	14.976423782822	10.8544594933172	15.6403979550214
X1_45_43	16.8691619157953	11.3946303528803	19.4209502986491
X1_31_53	21.6253657418914	8.00613045405488	9.18334962865646
X1_17_41	12.5507852073068	8.43781307501707	13.2682319543195
X1_41_39	19.7477973342002	4.88130429966318	6.34138105095423
X1_42_54	8.45494024198739	-14.6191105932792	26.1978676290927
X1_34_46	15.6025689959785	-5.31966236231762	21.1849117603418
X1_38_46	19.8466099687862	-0.932826213998707	19.4479576520331
X1_45_37	3.84776042659839	-8.09803421562734	10.9204542853885
X1_48_38	20.1660472078715	12.4088411196706	9.65798955048368
X1_39_37	15.4686298545685	-9.73775724221198	23.8084747509965
X1_37_53	12.5662592028495	4.29498372935946	23.8367553378561
X1_26_48	-8.9620339328041	2.09966573955722	21.9797900406291
X1_44_38	14.0633934661758	5.15287470252997	10.5198475430157
X1_46_40	12.1459945919729	8.47687760815805	13.6768295935574
X1_42_44	23.4673511698422	5.00439870976363	6.7897012548149
X1_22_46	7.56349831434058	8.87146516135348	22.5522046002909
X1_43_37	24.9033322027637	6.03483341578811	6.41629568796321
X1_40_46	22.4132237470044	6.91546078449261	7.88571466075748
X1_28_30	-6.84624907749471	2.46515968653074	22.1175640896362
X1_47_45	-0.737647796733342	7.32716605123211	24.3527789905156
X1_36_44	18.7401151602109	-2.02378533589911	20.8205239367597
X1_37_45	16.3015090957702	11.6617140045506	19.9950846717765
X1_43_51	18.6361375172906	8.53000018282361	18.1744913187038
X1_18_34	-7.12674276084484	-12.3972136698234	17.7479093350865
X1_41_41	1.91917908629692	1.02828321295001	14.7492056063608
X1_22_36	5.81128161831822	-11.8669678184912	26.3285165538851
X1_36_48	14.9320068087838	11.1416935871573	15.0526625080204
X1_23_43	11.2844534810136	4.72988678700847	24.8439826261231
X1_42_42	21.0480558363742	10.3079035085542	11.940067056138
X1_39_49	15.0016621924155	11.0770546570655	21.6725931127887
X1_42_38	18.6052796909395	-10.2005365393892	22.0889485906417
X1_40_40	17.8101634908719	-3.61494921569066	20.5013443674994
X1_27_35	-18.2553827656077	0.651589994966649	16.8656499422381
X1_41_51	11.9333732319391	5.29259159343671	24.539755576889
X1_18_44	1.11649970156443	0.232242067929141	14.8698603840384
X1_44_42	8.49950122488987	4.70202914170951	25.4376756425553
X1_20_44	13.9310055188764	10.1047962597808	22.8799189532024
X1_38_38	8.86035468504046	-10.4207605341883	23.9333968399828
X1_46_42	15.076129958558	-5.96451070886335	21.3762016336567
X1_46_38	19.5580663969144	-3.53426248412325	19.5680794291731
X1_36_50	6.25953611722315	10.0292471224107	22.9903820928349
X1_47_39	25.0235283842295	2.32486395890979	-3.96299030694373
X1_18_28	14.9637948942189	-10.6871927879525	24.6428795838157
X1_44_48	17.5841646388889	10.9291110985235	18.6019941383057
X1_27_49	-16.799356041677	0.877183745376394	15.6581586188822
X1_17_29	-8.90311975703575	-11.41234388516	20.7702092520998
X1_48_42	15.2737213432897	-9.0368452618123	25.8901276960601
X1_38_50	18.3145342689693	8.68207842002494	18.1230837330419
X1_41_35	18.2994758783404	-8.85489282121173	20.2905630790105
X1_21_31	-14.840961884384	0.161029949485048	25.6112574563899
X1_26_32	6.94982329281911	8.93196549969321	23.3724918534252
X1_18_42	3.03616407988939	6.21977974583409	22.1592130011494
X1_24_42	13.8668647073177	10.2567853929057	22.9136013592238
X1_32_30	-23.1819291012714	-0.0503752059594848	15.5259718741329
X1_40_54	18.1989307311001	-8.89049772255482	23.8641658497813
X1_38_58	24.48357291392	2.85566568952152	8.65139542550601
X1_42_48	23.7136322748445	5.51865519623425	7.71431478507768
X1_18_38	0.456190838248115	-23.2292606836712	13.801010435614
X1_50_38	23.1303806892962	9.26075999427672	12.1362876873942
X1_44_46	12.8614869883009	11.1976561640791	23.525658326938
X1_21_41	9.05017079448326	11.3571532397615	25.166543853346
X1_28_36	4.26980258681946	5.83098579641114	28.605815971284
X1_46_44	26.0340380874817	4.45004195751222	6.61580079829993
X1_22_44	8.17173002345253	3.62255340428738	25.6619908328666
X1_38_40	16.3526806595082	12.8643458954415	16.8156367902248
X1_49_39	21.1550074232192	10.2396862782084	12.232142110233
X1_43_45	17.4850782177156	10.0587276066364	13.5802757011958
X1_45_45	18.1399653248973	10.0155744989288	14.3688087745351
X1_24_46	20.8562409055337	12.4456153100928	8.26793871349139
X1_39_51	19.0619202558615	8.16316707728739	8.02502667633963
X1_44_36	3.22991934561826	-8.60211857657595	11.5290473788505
X1_21_29	1.98901446196059	13.2619644127904	21.8357187189402
X1_42_50	19.2760116467506	12.7915515386691	15.717522243079
X1_39_39	18.1746233146112	10.1023350236928	14.3690228040258
X1_22_32	1.40449078285113	2.41262411606056	29.8844430652914
X1_32_34	23.282552458354	10.2711635489775	11.843323427071
X1_37_43	18.7562548340261	13.20495948888	16.3001666638937
X1_36_46	17.4011884221198	9.16798843667129	16.9871797665453
X1_47_43	22.8547781134463	9.84365493226568	11.9095547304459
X1_42_46	13.1029023103737	5.49842643258559	10.2590387524827
X1_26_30	3.13173625529351	12.4473645602794	21.9899377173862
X1_15_41	19.9695197317344	8.69281270573876	9.08479999634852
X1_44_40	24.4042488920243	4.70597933459373	7.08915142912739
X1_17_31	25.4216260727431	-3.56984683341884	-5.90154912498173
X1_47_37	20.4036011895579	5.03819461369885	6.84532181357358
X1_37_51	21.3047371604054	5.51400587188792	6.52912986253733
X1_39_47	15.3699753880064	10.4206450168618	14.209113756221
X1_37_49	26.0920341207816	4.10472781240784	6.96689816578089
X1_46_36	25.4830660896502	3.78086948453256	2.54459395379723
X1_45_39	21.0996021835727	5.05054959560845	7.53361336285527
X1_43_47	21.1292351725246	4.87132483915182	9.16704469756319
X1_41_47	23.9881749120535	12.2841768510141	8.0754752446526
X1_32_32	0.362439872204814	-9.30503236289641	10.7045703891366
X1_40_42	21.8417819213423	13.0248093136224	7.93397954204611
X1_48_48	-1.53058017696946	-11.8909528836584	7.99933687693327
X1_40_44	16.2212086503592	13.0904681226679	17.4675994178795
X1_38_42	20.6993581321223	8.53877186496166	9.59264867671551
X1_38_48	19.1302609557451	13.3696582843634	16.1067615227376
X1_49_37	26.1003519676855	-0.971903325339648	-5.32073032911138
X1_21_45	25.5635436882112	6.33406194550355	6.19908039219826
X2_26_46	12.1476666412249	12.5080327756931	23.6361204842593
X2_48_58	-22.4424761513747	-17.0993642303626	19.7537987954716
X2_33_51	1.75919228792677	-24.3823243919362	23.0253149755868
X2_26_44	4.04562401721674	8.06960822026314	20.1135931358242
X2_23_41	-8.76281069002688	-18.6540720399957	14.809614615507
X2_25_43	9.18357401735609	-20.1157170633872	21.4404642049858
X2_35_41	-1.60637313901809	4.38257608516449	18.7211972424761
X2_50_38	5.7378718459259	-3.81244310754404	19.3883989074777
X2_24_42	0.630439752053244	-25.4532911669528	11.9088826415692
X2_55_53	-29.8065849325098	-7.96764049001742	22.1930928041347
X2_54_48	-0.524633236930434	-23.1407749885224	27.5177540280851
X2_43_57	-22.0151230432126	-18.3306698643464	20.3201827174839
X2_51_45	4.0802372572823	8.02860651940674	20.4337371551206
X2_41_41	-26.0409914892937	-10.4740955786678	22.042613771962
X2_27_43	-0.46496739165904	-24.4093821041665	12.2187092064779
X2_33_53	-5.14531709095584	-24.4338351757277	18.2390656653272
X2_42_44	6.1764663131174	-12.1220033425314	25.7680496507563
X2_55_43	-8.71913771882838	-22.3069353018075	17.5052879621384
X2_38_50	-14.7166563664312	-19.8912939112558	22.4741014171595
X2_35_55	-31.5263326988996	-4.62368326741683	22.054086221212
X2_52_44	6.0102585270129	-2.05742781381773	21.0320980902119
X2_32_42	10.1618837048443	-18.5929016687011	22.5334932805964
X2_45_51	1.56071384280726	-2.87748450598612	22.1163685585198
X2_37_47	-13.3355484592706	-19.2355625906125	24.3888652665744
X2_54_50	-13.9379970525926	-18.5514305694212	24.4579046892026
X2_51_47	1.69440520286283	5.41819228030806	26.6678131115172
X2_46_54	1.95123871994395	-24.0719141010384	22.936174467466
X2_47_37	-0.72397138142185	-23.6288004381675	23.3860285100789
X2_40_58	-31.5378153212681	-5.15772804157421	21.8091918788249
X2_42_56	-15.9465403865482	-21.0388786225752	20.4909401182088
X2_52_56	-21.814203770321	-17.7555916847628	19.6911126075108
X2_54_40	9.63741625434827	0.00996516179413511	20.6035572833049
X2_54_52	-5.78804009483252	-20.5571977134036	13.1498628365725
X2_46_56	-4.2962745598639	-23.9348168031785	13.0518874214518
X2_35_49	-18.1781349281364	-19.2988882134699	20.6310658377621
X2_33_37	-23.4704678972449	-2.96776577590395	22.415911697918
X2_36_46	-0.589325662851765	-13.9847928021387	22.4377627841009
X2_50_48	20.116740936108	12.116931144168	9.55994827430857
X2_47_47	19.3642827956701	-3.6623398905372	19.7326281363161
X2_50_42	-3.03608760376783	-7.81425644974776	23.5046069728712
X2_27_41	-9.67003603820736	-22.0577376290202	17.3628159010463
X2_42_54	-23.4326845990313	-3.12172230466169	21.8992770197093
X2_44_54	-0.797270282815597	-22.3203115597272	23.135316204715
X2_38_36	4.62867831348194	-21.4204630056945	22.9038371719369
X2_53_49	-24.9977130940799	-4.73046971093034	20.5514540299242
X2_48_40	11.1650475607201	-17.6683968665337	18.6536190625941
X2_32_36	0.93765219341744	-12.51576094966	21.2682690478342
X2_36_38	-11.3321437056467	-7.33490106953524	27.909272891394
X2_25_35	2.64870408575151	-5.8265423655601	20.5344007151339
X2_55_51	-15.3796317784041	-17.3444929109037	24.3508759011592
X2_38_52	-16.8138490606055	-19.028481548229	22.8140862490261
X2_51_49	8.86367287182591	4.62699622895252	23.9659058872197
X2_30_36	-23.8396701936425	-0.73760918033016	16.0795157181125
X2_28_38	-21.4984184461694	-2.300302988392	16.7922275274678
X2_41_47	14.5766346862189	-7.46343406087737	25.1273110927356
X2_51_51	4.22289590974225	-23.0558875801328	23.6001142160486
X2_45_37	-17.1834098552783	-18.949312310613	23.4905161868349
X2_46_38	-12.7945168313826	-19.3971344296051	24.6884821765314
X2_27_33	-18.0961855429394	-19.3999472632964	17.2007779802149
X2_46_42	-2.83825797603779	-24.6002648164381	21.083808808439
X2_47_39	-4.06379818827157	-25.4482064914259	19.0115042200827
X2_30_50	11.7682244786173	12.6741661652809	23.5531698830172
X2_37_55	-17.6943205744926	-18.4235702477168	17.2962984602849
X2_36_50	-18.2560058683813	-16.8884289882684	17.4305764803319
X2_28_34	0.383847055907736	9.64426253207629	24.6031505122785
X2_34_40	-1.26553356505541	-22.301297885054	27.7049813893099
X2_46_40	-3.74970757634215	-7.94490717761553	18.5565732630043
X2_33_39	-6.38449776512968	-22.1642702585833	18.4174695281665
X2_45_47	4.60493449730039	-3.00102894785152	15.7041176915892
X2_27_37	-25.7095948729436	-14.3920475603544	19.0399848228533
X2_48_56	-0.775407851760058	-25.1363768324336	15.9056815544991
X2_26_34	-2.18262249845336	-4.22538878304679	17.9933870825043
X2_52_42	5.96365038872503	-3.83805118920201	21.3278833076179
X2_48_54	11.1957747291622	-19.9199204400218	21.9007924911642
X2_25_37	-15.0617496912276	-18.3648540280653	22.825578075283
X2_47_49	-0.910947881133228	4.32506217663263	18.6651728598605
X2_40_50	2.86439127746866	-22.4115092476389	22.4492678356905
X2_48_52	0.6214901147952	6.34578346369374	23.2432337762689
X2_32_40	-0.448650949592075	-25.2430567930124	20.5787077941447
X2_42_58	-24.333092564927	-15.0984179182112	20.238788337117
X2_47_45	17.2931508796999	-4.84698790225904	20.5199302973899
X2_36_36	2.82335483660049	-22.8289120542377	22.9723335175014
X2_39_53	-25.0063492896945	-11.3538452177211	22.0150512303667
X2_54_44	-0.281382460057529	-7.66104113295015	18.897814140798
X2_47_57	-3.91655551571541	-24.4827129263849	16.0782097406039
X2_36_40	0.839562170644756	4.89044952308499	25.9921265856719
X2_47_55	0.491239038591873	-24.4864278434841	14.3761797577232
X2_55_49	-14.7624044400539	-16.6745335884741	24.5490814384323
X2_47_51	12.9084772393388	-18.3491752314013	20.7466236605489
X2_32_50	-22.574905724203	2.65975256148298	29.1792592595021
X2_43_35	1.04531655638347	-25.1856964133595	23.7206107712446
X2_39_37	1.26767395999035	-24.936336622692	24.9554509452995
X2_45_57	-15.7082884447171	-20.6766731806049	21.1388932507368
X2_50_50	12.3872322493599	4.53469951605429	23.7002507519276
X2_31_35	7.42848678660224	-0.941936995304326	20.8029319184822
X2_56_52	-23.912658587381	-15.0854705500712	20.8432557297964
X2_48_38	5.01193938006576	-22.4877772887359	23.5518117693918
X2_35_35	-0.989439195244797	-22.4311640520621	27.5080026119111
X2_23_37	-16.9889310664973	-20.5521602654914	18.2858347741582
X2_24_40	-0.0187739149113451	-25.0635580213002	11.6325155087418
X2_48_50	8.0460790298384	4.41275574098988	24.3987105471976
X2_27_45	11.2058455612203	15.0014351717046	21.4360274604248
X2_38_34	-14.1773045306116	-16.0652212814071	24.9219367308102
X2_36_54	-10.3274114052727	-15.5480391097083	15.1973537019527
X2_34_50	-23.5913063900707	-14.6317904062187	20.8253095465574
X2_34_44	2.40758387200752	-22.2040612110742	23.4766673499819
X2_53_43	10.1599488986739	-18.6242562376478	22.6855508889118
X2_44_56	-0.569094218643606	-25.8809610423675	21.3546074675971
X2_30_34	5.50198510325426	-4.15639537428128	22.4605698400491
X2_31_43	0.55083822471682	7.25901181198316	23.7377096726342
X2_39_35	-5.26567354936786	-21.2891779249623	12.6670583154713
X2_45_49	2.9089797200832	8.47319971692776	23.0765898328778
X2_37_49	-26.171827658712	-13.2554992946857	19.0123175062491
X2_25_39	-2.8716680426434	-25.9260291579285	13.5389326103042
X2_41_51	-0.461350766957758	-23.0507852967474	22.7688915037615
X2_24_34	11.3606691570925	-17.5187783014514	18.3468883479724
X2_46_58	-27.7194220860124	-11.9330169228939	20.1671196651096
X2_23_45	26.8588954683413	2.68418835166773	-1.02366180036727
X2_50_54	0.837524476755557	-25.2222593863337	14.2969916174285
X2_42_42	-7.4721728240478	-16.0935541870638	24.3266436699534
X2_42_36	-9.18813468499777	-16.8318900033019	15.0760489147058
X2_49_45	7.02707941012451	9.75358200230016	24.3282473586624
X2_51_55	0.50753942090997	-25.2228773538848	15.0307212648865
X2_41_45	3.94579723911852	2.45590899220532	15.7624038183402
X2_35_51	-17.5698660754	-19.2476263174047	23.6291561285992
X2_36_48	-17.5858986385967	-17.5237827784409	18.8501241192512
X2_38_56	-21.8905237841658	-17.3190608884914	20.8443805602513
X2_35_53	-14.3360954092904	-19.3620077140355	23.6830598052693
X2_39_57	-16.2060369410708	-21.5229224127733	19.560824652121
X2_32_52	-5.90566875166821	-16.5582614638243	23.6569255760118
X2_55_41	-5.01141915505557	-7.112294681189	19.3607792837338
X2_36_34	-23.2963804430165	1.93888011459236	29.2486387506549
X2_34_36	0.11711577179289	-1.24375705770941	14.1116692894606
X2_53_55	-4.17248550923336	-23.5812912957497	15.0909346465667
X2_24_38	-5.93701374129189	-22.4307522715824	18.560499285158
X2_31_37	-17.077265682091	-17.2444449763448	18.3057857234495
X2_30_40	5.3518852744504	-3.24566448705072	19.4143237776293
X2_23_39	-3.96801740056345	-25.2658254925717	17.5773542200191
X2_40_34	-27.1677083923196	-11.9454166374349	19.4614170591847
X2_34_54	-30.0444024390426	-8.31010124403562	19.9576923458593
X2_31_51	1.0583451284546	9.15548670210865	25.0412214610612
X2_53_45	0.892232691244087	-24.135597942127	26.0730980347494
X2_30_46	14.8902435461936	9.03818462678566	22.0128516588857
X2_46_52	0.45193966875612	-7.75344852134246	20.2231648462319
X2_46_46	17.4787393592954	8.72496593414597	13.3031509045675
X2_31_49	-0.409519869808763	11.2315330424676	24.8016570409337
X2_45_55	-8.80771778860277	-18.1946167393668	14.8810110366006
X2_26_38	-29.1480474871205	-7.8284116651563	23.2355050654747
X2_50_56	-4.88693935482203	-24.0597997118362	19.8537560446609
X2_39_47	-5.87901102098285	-23.2064130623111	17.8048543207744
X2_48_44	3.97653389662978	2.74206845353131	15.8194126659158
X2_28_40	-4.44292890810235	-25.7642622648807	18.7388754051286
X2_44_52	1.71336088637886	-5.39602257148648	21.1730774263279
X2_46_50	7.00613137684029	3.85967708968485	23.7730334229205
X2_27_35	11.5432482098308	-17.6356274366214	18.8385424432277
X2_52_40	6.6858960456824	-13.4843094522954	24.1417646394511
X2_34_34	1.4783767389899	9.83799681275101	25.4958946103085
X2_28_48	15.1398701277592	13.784264183062	17.3214565065129
X2_37_35	-1.52491646074186	-24.0277629743833	21.5094154312546
X2_29_43	-1.24143454335363	-23.0834872289109	13.4599766738013
X2_49_41	9.8847740326686	-18.4627940416304	20.0122669352762
X2_35_39	-27.6582162347094	-8.22797403501463	20.4543088425664
X2_51_43	18.7432231936375	8.37092077160115	9.80407223261304
X2_43_55	-15.6323048917197	-15.3370042880831	25.1499614620178
X2_32_34	19.2672374112825	7.77469097557376	7.66730352364564
X2_45_45	17.9129705917589	9.84779362956133	16.4650139353458
X2_45_41	0.00885205129007933	4.66099917195727	20.5367036702945
X2_31_47	18.7946019657686	8.66675902026932	9.13746749043029
X2_43_51	3.01985744906195	-8.67581445863681	12.0225413238207
X2_29_41	2.13097893963542	-23.12330385297	22.2999152577692
X2_23_35	-3.73635122726371	-25.3065982998941	16.3744117885006
X2_45_53	3.0749317684154	-8.54613219339834	12.1883104880159
X2_27_47	11.8518929899594	1.01652028639197	20.0237152581166
X2_25_45	18.7527299216638	8.53951332022291	8.12974925771927
X2_40_44	-0.391123746209815	-24.8498991739631	20.6476857505632
X2_48_42	-2.55242128915182	-7.09952456223978	18.9117300665641
X2_37_39	8.26974960881914	0.86777262294516	21.0080761997725
X2_35_43	11.5572816604877	-19.0053205726072	21.413129314093
X2_29_35	4.74523622750981	-21.6705981234946	23.3805422569577
X2_23_43	19.2707126569304	12.583755019339	10.1116546326889
X2_40_52	-2.13421521746266	-25.5828245874063	21.0929395841281
X2_35_37	-19.5599233655095	-7.64956209493028	25.8282097385178
X2_43_43	5.50364480320919	3.16098878141556	22.7590986564257
X2_26_36	0.792138370759129	-13.5059386386279	21.5485211498027
X2_38_38	-0.870489530645603	-23.7603153640239	21.5876149779181
X2_33_43	0.189735704176537	4.43969924648214	20.7266080535844
X2_26_42	0.882627684121403	-7.4643417653593	19.978336472694
X2_40_48	1.20424269078546	-8.87617223854789	20.4646508581714
X2_50_46	13.2306167918443	8.2707229911804	12.4036130306001
X2_47_41	-0.569422465711052	5.96765767253531	23.2844871886913
X2_39_49	-6.48525013303957	-22.4380835282305	18.0814085933333
X2_28_42	-3.31155559793241	-24.2958089340228	13.6458764987609
X2_52_48	11.6291984414214	0.710110726618101	20.5425231126502
X2_43_47	-1.0187033085871	4.33352156986875	18.6539758713353
X2_50_40	3.20621438985599	-22.4982614344159	23.0922715504931
X2_25_47	11.3116853799996	14.903711925552	21.3918864757113
X2_30_48	14.3780510383808	11.1729386664661	22.2472889512012
X2_54_42	0.0780313251270464	-23.5634698204015	26.9765156561394
X2_50_52	9.68355314804441	-18.8085060969797	20.1512703702415
X2_51_41	2.42802356632019	-13.8118108133201	21.1509103177218
X2_49_47	0.237719256525042	-7.67780355662967	19.0287035714212
X2_49_43	-2.56299642629614	-11.2303007227694	9.65530244970843
X2_42_52	-2.47666646107584	-6.00297053633929	18.731609750727
X2_31_33	0.509771371436902	7.79949522080665	23.8977598749527
X2_44_50	-0.291596707841257	-9.20121484114544	11.2686691415858
X2_45_43	4.11355153340625	-3.40567551180821	15.3657928149025
X2_34_38	-23.933227642634	-3.60053399486932	21.2031067140628
X2_41_49	-0.830433227435096	-23.8489918816092	23.943988995502
X2_25_41	-2.45562402150284	-23.998840020328	21.6216007859255
X2_47_53	6.47227833435346	-12.6092870501891	23.6612845368636
X2_42_48	2.67128404751582	1.53632359091956	14.8733852322742
X2_31_45	14.1931297041897	6.34005880685078	23.2896454975787
X2_40_46	1.74275254459853	-22.7550911859021	21.3275069491348
X2_43_41	-5.21792283379461	-8.37623904326167	24.4881057975901
X2_34_52	-4.06776846751812	-15.6419712654039	24.5687711861992
X2_28_46	10.1321894525203	14.909817708206	22.0459923715439
X2_24_36	-25.6307616611846	-10.3235236564118	22.3297373773362
X2_49_49	13.3967956060886	8.48280596310489	12.6350499766325
X2_33_35	2.27706524530358	11.1896998423476	23.3548506559296
X2_44_46	5.43593415124327	-3.25787564506734	18.0754066124852
X2_42_50	0.278052414877066	-0.997646646597802	14.1410345823091
X2_29_45	14.5623661065214	9.17558852878403	22.3176555458277
X2_28_50	1.80053664079412	12.1621903348499	23.5906999686057
X2_44_42	3.52675517710669	2.21897295305204	15.6463220947662
X2_42_46	3.90384906398163	-2.71360443341886	17.8201268340088
X2_43_45	1.39112117837581	0.326885268067027	14.5306236335507
X2_49_51	15.898072532397	8.92496816208068	12.7664296939335
X2_50_44	-0.388191820393927	4.36853035718077	19.8220601061649
X2_26_48	19.718868854266	4.16697006682413	4.79920845561829
X2_34_42	6.02073763941036	-10.5801937930044	27.2215605478297
X2_32_44	12.6590233300923	5.31085944712761	10.6619678830668
X2_28_36	-2.41417301740933	-4.7264180840344	18.093455859353
X2_28_44	4.88893169673072	7.17571778208762	21.753573516121
X2_30_42	-20.8720216210892	-1.41104290023871	15.4867616673334
X2_29_39	-28.8550118323488	-7.03244921596084	21.9823379738343
X2_48_46	5.02095139653489	0.869193981349072	22.0834624389286
X2_52_38	4.14488334946088	-3.74495192506572	15.4459323578014
X2_43_49	21.278257442419	5.10686479957075	8.85433709888101
X2_43_53	-4.12768459440884	-24.8108051707581	18.965888872212
X2_52_46	11.6741394696785	3.86187021550888	23.6655076242493
X2_37_37	-0.756184150975844	-23.3092253385623	13.5436092529139
X2_56_40	4.81570843547004	-3.24319439195283	17.5630743965076
X2_39_51	-6.50036548955169	-10.1708012916328	18.5969123631248
X2_53_47	1.12994048151428	-3.62100601619876	21.9405482934779
X2_29_49	11.0015635506229	15.0761313263056	21.4978378283781
X2_51_39	-5.66653924249815	-7.98980848410188	19.6457962407437
X2_49_39	15.3837709378327	4.80742973620336	8.4799199524048
X2_49_37	-6.63094843049915	-23.3159237391536	17.4108081072907
X2_24_44	18.5659612362683	11.1943377155796	16.4746241001436
X2_46_44	24.6859633363976	3.85717384653048	-0.721941714126908
X2_54_46	-2.58243568246797	-11.3005568836178	9.73563547006042
X2_29_51	12.6586000995274	-6.43465530220451	-10.7894801741456
X2_47_43	25.1695833004209	4.62981361060418	6.15728882432458
X2_53_41	5.96413450917266	-5.86394856091439	22.9791437328777
X2_29_47	10.01007443251	15.0892107140221	21.9403498559777
X2_29_37	-20.8603945116869	-1.45089586918177	15.7474334675755
X2_26_40	17.3724346136616	-8.51286102497005	25.8816027056274
X2_53_39	20.2026510895767	4.83597537081612	5.74131083364195
X2_44_44	13.5582312605964	5.43757599466425	9.86401110245541
X2_49_55	27.1723141017134	-0.552533834258189	-4.57954668802293
X2_44_40	25.3682587864461	3.55882749251038	1.63222238875711
X2_30_44	23.183854847791	-5.62394507394553	-7.06144095111749
X3_47_49	0.876528211090257	-2.40098967738021	-8.42819974728703
X3_37_55	-5.20090940546249	24.2240836437399	-31.1616959925325
X3_41_59	8.36716743339803	2.97646802023963	-33.6971812223908
X3_29_45	3.26115439682121	-1.3942409738828	-25.4451408616013
X3_26_46	-6.64556596682159	1.36341065127972	-13.293797829577
X3_31_51	-5.95488481286799	-4.04158202305788	-11.4980280873837
X3_46_38	8.84334938816319	1.20230444939967	-31.5776300404447
X3_48_50	6.59647503899954	-6.05249083534241	-7.45847872644066
X3_32_48	-6.88194081177228	-4.59896793868478	-12.3800386239102
X3_50_58	6.63500438606426	7.38866776161526	-36.5713039355056
X3_32_40	-13.4921571461682	16.7144141171401	-23.248280152097
X3_51_57	10.1355869496445	0.157648699167197	-30.6115039978223
X3_54_56	4.99311530312954	1.4454109648879	-41.7909091049077
X3_29_43	6.66842484945855	0.525107064247855	-39.6514339132199
X3_30_44	5.66684600571939	-2.06240603466032	-40.6796376459043
X3_42_54	10.6488139715859	3.41023147835927	-34.2583852961432
X3_36_46	-4.52773233209168	24.4108855479827	-31.5519275596538
X3_38_36	0.566684837966256	0.221533298277584	-29.9462594119358
X3_52_58	-0.589872292778319	16.9934839965445	-33.7892886029633
X3_37_41	-10.5067455154028	17.4453403004702	-27.8438667704244
X3_55_51	-13.9810410250542	16.4852444420864	-22.46974315302
X3_40_58	-7.81393133769305	24.1277536803906	-27.8741138678307
X3_44_38	-10.7958363196922	18.6140369731493	-29.6007291027326
X3_56_44	-9.97110821335573	10.7152766351009	-19.8497191641399
X3_54_58	-18.0342663899189	29.1284579437756	-23.9291775912635
X3_35_37	3.50646346101561	-10.3835118868052	-8.41930441307787
X3_35_53	10.4100904369586	3.01619877445063	-31.3188536178985
X3_36_56	-14.4049161217281	30.7352977258459	-25.613404635139
X3_36_52	-10.9499170798493	19.4709222137777	-25.7591769834119
X3_33_53	4.20124725089305	6.73941389446703	-26.0269537260495
X3_44_44	9.98772240077679	-8.35028544294366	-24.1306806038821
X3_25_43	5.97448496180959	-1.53842378215285	-32.8834263265478
X3_54_42	-1.48798043192675	-0.239569633174939	-22.8914480749998
X3_53_57	9.73060742157218	2.37868673631208	-35.5486427389148
X3_40_40	3.67360875678473	10.1166062625107	-37.4421853180495
X3_47_41	7.60985836263297	-7.67465609765096	-24.0128794271147
X3_38_50	-1.53704736269703	15.4397251846196	-31.3913767370751
X3_47_59	8.11373474104871	-0.330591957260288	-38.2991580058036
X3_30_38	-6.78771367058826	5.99761062149064	-23.105774288403
X3_40_46	-5.66800522387654	23.7771429058301	-28.5636034647999
X3_32_44	-4.0119892035338	16.3637909185461	-27.0660283873165
X3_40_50	-10.7131344100948	17.1568092014198	-28.2885378588773
X3_39_53	8.73041782376423	6.25103567593708	-35.5879843693058
X3_38_52	-4.43481193196958	22.4259666757195	-34.1130723673603
X3_43_43	9.61105422100711	1.12986151628322	-31.0432300437453
X3_40_38	-2.32634165962537	11.4453582718942	-27.0507809851474
X3_42_56	-12.8048088975328	27.2999440078369	-26.6060560605172
X3_39_49	-2.55752123699684	17.2038411461804	-31.9518805567425
X3_55_57	-3.04214445279843	17.0943260505285	-31.6014371760904
X3_38_56	-0.04143928446341	10.1060067800511	-29.9418645445635
X3_33_35	-7.3098601290453	1.99404586514546	-8.86802272234047
X3_51_53	-2.78912467920667	-1.95952403694277	-12.0823875978003
X3_33_49	3.40769094023195	0.547504504056983	-27.896647346957
X3_32_50	-8.58145559453045	8.34868153935998	-17.256088320598
X3_41_57	-10.9398327568653	27.9088062403881	-25.1351817414035
X3_30_50	-7.46944397080196	2.6528490395501	-9.10677527272416
X3_51_51	-4.54061211330556	-4.01588776345912	-10.0075241660166
X3_57_55	-7.31484439314404	26.2828930268236	-32.0795929285064
X3_53_55	7.1981018121397	0.168680335456431	-39.1893285365712
X3_24_40	-1.25179974683766	1.89981663651988	-34.1201560283943
X3_44_56	-13.7799255277259	16.0611983099599	-21.6163872109156
X3_41_37	8.22927903767683	4.67550517577747	-34.3010867545682
X3_57_53	0.962574509183977	18.4082607042794	-33.8519849457429
X3_24_36	8.46093030589527	5.96371033709471	-34.8851326729001
X3_49_57	11.1350720072487	-6.14570257952782	-28.5960520659838
X3_48_54	-0.113387837587348	-3.66882374727786	-8.11872146248452
X3_32_42	5.52125619607088	-3.50021939140741	-30.0551993979866
X3_31_43	-5.81176682958757	17.5485877112962	-27.8993035866917
X3_26_36	-3.76880412973252	10.2065306826933	-34.5770433942407
X3_57_51	7.0238962291452	-0.406040006937515	-33.9854645505668
X3_50_46	3.39332558366561	-10.5211821683519	-10.4675773910893
X3_25_41	-1.35455769347433	6.48445512391077	-31.7246712709514
X3_53_51	-5.29249855077875	0.655215084081236	-6.35241966350813
X3_50_56	10.2141220541987	-6.25693744757655	-25.8185692286382
X3_38_40	-6.17708944519132	7.22843609136383	-21.7984539030056
X3_32_36	-3.02336676608542	-1.9171017164463	-12.545211820836
X3_56_54	-14.0242671134682	21.1840593629252	-28.2957446968406
X3_52_56	11.9297900990796	-7.20845996755425	-24.9837642994515
X3_25_39	-4.6735990235267	7.53210251404378	-25.2112662190574
X3_25_35	2.6104203321128	-10.1006732255881	-10.2645435835362
X3_48_56	10.6903073688255	-8.88641274598241	-23.1185195760082
X3_46_58	10.7254861664367	2.59533506477098	-31.373744205662
X3_33_41	-4.84757234558974	16.8966278750267	-28.1927413238519
X3_29_39	-12.8489605638853	23.375526062969	-26.4744604144555
X3_37_43	-3.55463036662773	10.3507391830141	-26.2218189112683
X3_57_49	-17.7750957483979	29.6881393591862	-24.6992200618013
X3_35_39	-10.7089657765837	28.1103410128838	-24.8495247399925
X3_28_38	-16.3061081819068	25.0196316508053	-25.5082779501468
X3_54_54	-11.4757059907224	27.3029014990365	-27.1347462408247
X3_32_52	-9.00008413025729	-0.278885575967633	-11.4500622629892
X3_36_44	3.77170031379647	7.14015227428271	-27.0358755701863
X3_27_45	-8.26335188738012	9.16935297042156	-17.8323999048774
X3_43_59	-7.10933586260118	25.3574964277216	-32.4857078865184
X3_56_50	3.10780258151299	6.54076254729251	-27.3934937308881
X3_46_56	4.55382864884354	-3.64522230175718	-28.2769545512002
X3_47_55	-1.74833850688529	-5.52027191710719	-13.4563550581021
X3_31_39	-17.6642956004296	30.6743923545955	-24.8912648487225
X3_28_46	-3.96430469065486	-1.58465712083769	-12.6793694103982
X3_34_52	-3.20583062534811	12.3786223262433	-25.7956971571732
X3_59_55	-13.1403537081523	19.5705977519404	-29.6279882985227
X3_49_59	9.30402317425251	2.95274535712038	-34.2174914738189
X3_36_38	1.60356074766508	2.43858917696068	-27.4678367975776
X3_43_57	0.909728605900492	18.4162436189734	-33.8601169354256
X3_48_46	-0.784586436327909	-1.7387009073	13.2585212877707
X3_43_53	13.8681326665018	-8.75276066607619	-21.391073439032
X3_53_49	1.6330258757729	-1.38901714997026	-7.72112735617547
X3_48_44	11.0100978671644	-9.73455326308801	-15.7957522706248
X3_59_53	4.21120575407817	0.918445242628215	-40.8562096644609
X3_47_57	9.14549953719309	-6.62785347035542	-25.1488384334829
X3_38_44	-19.2433894089411	20.2340901260515	-28.7396094411803
X3_57_45	-6.04818564020105	6.74994929649964	-25.3121123522655
X3_35_41	9.1449313397356	1.72996140073701	-30.7726046154856
X3_42_52	3.18340090167866	-5.48866251451057	-25.4669268665509
X3_45_55	-3.65461222209864	-2.53011203251251	-9.38343886791655
X3_48_52	-0.700664318666244	-4.15647013198254	-7.52463385940853
X3_55_49	-5.01304542820983	0.00292610700266471	-9.63041995816476
X3_50_52	6.02235027914886	-0.783733478710391	-4.53038505406419
X3_39_57	-8.06559057875231	16.5281926777912	-27.2996975531902
X3_38_46	8.06193432136009	8.21866902229954	-36.64536451567
X3_36_54	-1.24418840180468	12.4413936873846	-30.4481723568208
X3_38_48	-3.37157900809576	15.8158139306328	-29.6942775525796
X3_37_45	-14.2515585142562	22.1987078910994	-28.5289721993991
X3_28_40	-15.4883344843676	27.3017440504717	-25.8097945887682
X3_33_37	-13.4646281159626	16.461721406797	-26.576669580107
X3_44_58	-1.63648375419974	19.7134737171368	-33.5497402029432
X3_57_43	-18.4523579116731	19.0708829782031	-28.3064502020654
X3_45_57	-1.43598398167578	12.6981020534699	-30.3233958011613
X3_40_36	0.603250149745261	10.6547996530004	-35.4853370032803
X3_36_40	-6.05613462667376	18.0073735362756	-26.7006829420094
X3_45_43	1.92290347102179	-10.6540622278519	-10.9519367975539
X3_34_46	-6.75937103183386	5.74652241268549	-23.4383336345162
X3_47_47	8.21447706944658	-3.03423431189809	-4.11813898307529
X3_33_47	-5.05132481135909	6.11237435569897	-19.1201181801712
X3_26_42	6.80890468878473	8.70307167378203	-36.9661847276632
X3_28_42	-6.98426025249934	8.65934021987929	-26.5114361867311
X3_34_40	0.512830112787361	1.61118278607037	-33.3884402364383
X3_48_60	7.66125253437127	-1.83538161680058	-31.2642930615886
X3_41_49	9.34248799199313	-0.216998523543037	-30.1610596574788
X3_36_48	-4.39420857243996	14.7555969562009	-34.3995094928937
X3_49_53	-2.99061842442734	-1.72240479667663	-11.7882318762555
X3_52_46	-3.27830343068395	-3.36857447859533	-8.86668243782932
X3_41_47	11.1660064813563	-6.43570710099154	-24.8786016403483
X3_38_42	-6.18992588114377	18.8249875533018	-23.7667903015091
X3_35_45	5.80734389774422	0.708658845342923	-27.0541923388342
X3_50_40	6.89404667432293	-6.63232081059769	-7.8039373108665
X3_52_54	10.3136472533538	-8.33368891334073	-25.7066868872201
X3_39_51	-4.27434925560396	24.9242075266909	-33.5688661024302
X3_28_48	2.39520756294679	-3.48834771114115	-5.47195596011234
X3_44_60	-13.9540009642763	29.4879032330516	-25.9365450342304
X3_53_53	3.06593461883867	1.24302351123642	-35.7948061119399
X3_42_36	6.01845020863803	10.5145098435104	-16.267459680551
X3_45_45	7.00572573164829	-7.65807258935118	-23.703149028493
X3_37_47	7.7934191286968	8.67984193107793	-36.8349091953267
X3_46_40	-6.10979952569078	19.4406475483125	-26.1827590974575
X3_44_42	-3.96701556171185	12.2913357780322	-25.3672154844343
X3_25_45	-4.4985622671566	-1.47404638285852	-8.35621718850144
X3_42_58	-8.58246509296047	25.3414176329637	-30.1396886188793
X3_30_46	-6.40319085274372	-4.43569958355844	-11.9017974986852
X3_47_39	8.23216328011411	6.73719622583517	-36.1214142905189
X3_38_38	7.14977790011782	-0.914745630340117	-30.0071597418421
X3_44_46	-3.20267604336085	-3.31066191430293	-8.59582346551928
X3_58_54	-13.936228482893	20.8925523339275	-28.6665510874048
X3_39_39	8.26533208476718	1.14168756180582	-35.883667877537
X3_26_44	-2.70499859245416	7.65178913770862	-35.6516376131385
X3_56_48	-5.20204927188371	6.65958566279234	-19.2652158643853
X3_49_41	12.5996987329189	-9.13952468885294	-20.3315125543471
X3_44_54	-4.4124774697757	-1.64099772236955	-8.34455360388534
X3_29_41	-3.82118422444416	9.92612143387388	-26.0897414937037
X3_34_54	8.05192916705625	1.71588927092647	-33.6348450929277
X3_27_43	1.86017723638291	-0.4786953351401	-29.327337206112
X3_56_46	-13.8135035264117	16.8459090083888	-25.2844269853919
X3_44_50	9.52798612419037	-7.19389098562124	-6.79703275040916
X3_36_36	-5.86051122320198	16.2569169253342	-27.550092739135
X3_39_37	8.87464022738251	-7.25264711337139	-24.7975266864256
X3_54_44	10.6853695742378	-6.60780019620387	-25.2676077467535
X3_45_37	4.0350106006403	-4.880283265434	-27.8839177986369
X3_41_51	-6.6124863194169	7.05415502526087	-20.5993725298292
X3_44_48	5.25298262081666	-0.146705019018694	-5.08863151995272
X3_50_42	-2.45719957779961	-26.2563579425067	13.0924074107306
X3_31_45	-6.33611276734783	-4.36244133820786	-11.8597671003632
X3_49_47	1.58057908563301	-1.41588834913675	-23.7066158298689
X3_45_53	14.0348347212748	-7.59011831018596	-11.1088995103459
X3_41_45	-4.2267263884661	19.3183973257073	-30.8858516430415
X3_37_49	-5.04777465143073	25.3886948228502	-32.5543318085172
X3_55_47	-1.99063291703338	5.8931526889793	-32.5232137979941
X3_32_46	-6.52663964686013	0.389979758876003	-8.15333261470678
X3_46_42	-0.48288999963354	-0.755772346141636	-30.9155835232556
X3_42_46	3.3075596116831	-3.84923852211777	-27.2214395753785
X3_44_36	0.0489344881059853	10.5378984667056	-30.5157492547551
X3_48_40	11.5415424931205	-8.85936863632382	-23.0837516023283
X3_28_44	8.51382545243249	1.05916403854598	-35.9893956085552
X3_50_54	-1.75249724556074	-5.62010137971167	-12.271910430822
X3_49_51	29.7801675116707	-1.02656379212466	-1.1702915169304
X3_28_34	4.02384042534536	10.0632476758741	-17.008928430938
X3_37_35	-17.4484191797317	27.7084152162452	-23.1970214499521
X3_40_52	8.87727352179453	2.42000742340234	-33.1632982789019
X3_28_36	13.6986061490137	-8.89718729612887	-20.9579844024232
X3_45_49	6.04458145398607	-2.82436279829593	-4.17752399832335
X3_27_41	-5.70709152055075	7.94339159218039	-24.6731288433519
X3_52_44	-0.0253499054983031	1.71650522797002	-33.5136178111614
X3_29_47	-8.35052251055261	-1.42667703634035	-9.75591815530262
X3_55_45	4.03049631355332	-5.81853698227801	-27.4850489252093
X3_51_55	11.3912435673563	-10.0688342579812	-22.5870136495378
X3_34_36	-7.55920713667382	2.06426583399023	-9.10669397054172
X3_30_48	-7.91334167117115	3.02145031754933	-13.3669490014176
X3_51_47	0.0863493129232806	9.61445645417607	24.1819145007573
X3_57_41	26.792571016278	2.38354549854838	-4.13304131071137
X3_51_43	3.33294478332519	-14.1310125492404	-11.2366463912176
X3_42_48	11.8426331593802	-9.04215518481187	-19.6508419160359
X3_30_36	2.91715303525603	-9.64869847288458	-9.66568560247684
X3_52_40	16.5308714968914	-8.28205131245653	-13.5548351024774
X3_34_44	-3.76120370319319	16.2400398986287	-28.6654609624791
X3_53_45	3.57934362574365	-2.70406036797118	-25.804869081923
X3_51_41	10.9010240329075	-8.66947766051242	-13.2768826435787
X3_54_50	0.0523053476492122	-3.2526182208683	-12.5471859548678
X3_52_52	-0.779493083362749	-3.47781301736493	-13.5688659314701
X3_49_39	11.7731102170237	-9.56454603667927	-19.2388462468531
X3_52_48	-2.95510440431965	-2.44031544841573	-5.93387455894753
X3_43_51	11.9550663864224	5.46733973924517	10.3013601370085
X3_43_49	18.727419728361	2.84481001810009	2.99532515186827
X3_48_42	-5.93206880597898	7.56384414204925	-24.0496524316643
X3_43_55	4.27061707268459	-0.135515286691881	-26.4911712051705
X3_46_50	-2.64379584434324	-3.22907526692573	-6.65610777877072
X3_45_51	-6.445455528088	-0.101189207365355	-7.14653455730693
X3_50_50	-1.7972612357389	-2.76302462668603	-5.55755419208072
X3_53_41	15.0818469793494	-8.47188995783737	-15.062763034405
X3_55_43	-0.204554133371955	-8.35244288104046	-13.7676374287193
X3_51_45	-4.18366727845297	-0.752439921323899	-5.71279456528632
X3_37_39	4.52078113046196	10.1653492227289	-16.7863325781102
X3_30_40	-17.0033715916406	27.6240876325174	-22.4282939507042
X3_54_52	-16.583277647261	17.3489818684198	-28.4225454595438
X3_29_35	-6.99085001986488	4.05618862638194	-13.785914770031
X3_27_35	-1.53162144865252	2.1383038909991	-33.003469472644
X3_44_52	10.1230596283101	-7.89179276676882	-8.07172788893303
X3_24_42	0.0878208209193886	10.956026560967	-35.6876823742955
X3_47_45	7.88259376626435	-9.110097564812	-7.00736529486022
X3_31_37	-4.21889832364082	10.3959633503432	-24.6871640629017
X3_56_42	24.5300576014243	4.20544474924629	-7.11362562884584
X3_49_43	19.0555079710485	3.4238544797979	3.75170299820881
X3_43_47	-0.705611827834749	-7.47957887968996	-13.0725688277089
X3_47_53	-1.83464292089828	-3.88429953533195	-7.30903144863587
X3_42_50	3.61786178423426	-5.78091657246778	-25.3976710028988
X3_53_43	2.37844259260409	-8.36729372627241	-9.23319858266709
X3_31_35	-6.4756802244751	1.36175593763638	-8.40775016119826
X3_46_54	-0.290452950136357	-7.73775081661067	-12.5457362655614
X3_47_51	4.62283321263954	0.192839472172688	-5.45487947844473
X3_39_41	-17.7185024513053	18.6030725523411	-28.3261807404167
X3_31_47	-8.03673467108723	3.09881647818439	-15.1617415375652
X3_50_44	-0.649461899375451	0.097392356871367	-23.4775553062575
X3_51_49	0.38421935031724	-5.18434925957523	-7.65582953606765
X3_52_42	13.601683901355	-19.8672238062366	20.308981258333
X3_43_37	5.10606340051181	8.76856677897546	-37.2439156042987
X3_24_44	3.85301907136859	10.0352716635627	-17.0683801704895
X3_27_47	-7.30606823353839	-0.0958485602967487	-7.16352661998825
X3_30_42	25.9700990519214	1.19052788816469	-8.05862444786168
X3_54_48	-2.84076111388727	-2.21983371177129	-5.49568797383623
X3_55_41	7.78729954725493	-7.70221824441833	-5.33026316905724
X3_49_45	0.273900614037407	-0.57202570223919	-23.5835825330905
X3_33_45	3.924644333897	-1.82184994434324	-27.8791133129654
X3_34_38	-4.63744722284029	8.24932206713722	-25.2694685924189
X3_30_34	-32.2566972476129	-6.76080308827976	20.677556171468
X3_49_49	1.80029005982507	-1.41396715199548	-8.37929615227197
X3_37_51	-18.3567323668165	21.6865397583934	-29.248361489021
X3_46_44	7.1590542459944	-6.74556777985227	-5.58556115349968
X3_50_48	8.31207954878384	-3.927501102562	-3.79527173972995
X3_29_37	-0.476567448296083	-0.115346889342374	-31.1925941104768
X3_45_47	-2.62806645494881	-4.35610073163155	-6.86880550160915
X3_51_39	26.1711835657659	1.36366909626519	-3.71534626780512
X3_26_40	6.48616663169192	10.5754677848089	-16.0804674588728
X3_32_34	28.943086665098	-1.46157005072886	-5.45087983057897
X3_53_47	13.0469396841348	-7.47770818443574	-11.6063252535914
X3_54_40	18.4694722833275	2.4427365173364	2.47205680977318
X3_47_43	30.1159152858433	-3.62543725529413	-2.12279556453732
X3_46_46	7.63722432458737	-0.582909630004215	-3.74495616570284
X3_46_52	2.75139938649436	-3.51105340146207	-5.579475475663
X3_54_46	25.5722615031541	2.38185912858321	-3.94491527643466
X4_36_28	-14.7272025514491	25.8700954114429	-30.0944888285375
X4_45_41	-9.43957434680928	25.8008604737034	-30.2240966903316
X4_53_51	-12.1775699108695	16.8624590451368	-22.325145069639
X4_54_50	10.9320124053145	-8.42904494729653	-24.8367535370074
X4_65_35	7.92082174889811	-8.12164350405369	-5.26179628459701
X4_45_43	-14.6203789746626	26.1097981902941	-28.7796418243705
X4_45_29	2.09811943374136	1.05267243426	-34.8384829685609
X4_55_43	0.841569384848935	-5.86275370593213	-8.28388573374488
X4_44_26	-3.70609893020762	6.78892475531381	-33.9301905519656
X4_34_34	3.16398891649223	0.891205160348976	-27.76902156024
X4_47_49	0.94208372331161	14.6346690940202	-32.5028216254389
X4_44_42	-11.9968361249944	20.711678933095	-26.6329491838279
X4_55_45	12.306507112207	-7.80701334480251	-12.7953439730888
X4_41_37	-2.99796498851197	12.731018059378	-25.2675618668338
X4_44_34	3.3776377372654	-3.22828814868269	-27.5758231725743
X4_39_27	-7.25783098814096	1.81698023815799	-14.8426421105306
X4_36_38	-5.14038602801426	-3.99428761985361	-10.3811079559734
X4_56_48	14.4926349526203	-8.26091578933927	-21.9916196177123
X4_49_49	-12.7532532706776	26.4353247145253	-30.1497494646446
X4_47_47	7.78590903301152	1.71719150434724	-34.2886847374422
X4_65_37	26.0144469709062	1.82265981614405	-8.09691256172711
X4_40_42	-11.4089463394022	12.3075303081346	-18.4007678575547
X4_58_44	24.6201943493815	-4.77846257332133	-6.08540323568366
X4_61_35	3.55406382261254	-2.53552388461981	-26.4615836042087
X4_45_47	-10.4162971914999	18.465075889081	-29.8984925620655
X4_32_30	5.33511131988647	0.619228890120851	-41.6226755403321
X4_38_38	-11.935589900643	15.193881268689	-19.8057260386606
X4_44_46	-16.8870859958798	26.0336559046541	-25.5695824522282
X4_37_35	-8.61152880797631	10.0022026373952	-18.2531715983691
X4_49_45	-7.9480553321682	24.4582464057425	-32.3272787230453
X4_51_39	4.79735966957208	-4.44252946122684	-5.28624202515519
X4_50_26	-3.27393490867739	12.6091116746043	-25.5251378462304
X4_35_27	-15.3723620448592	28.7951229222535	-22.1229300403846
X4_47_31	2.95864767825322	-1.12275172692285	-38.7563429169433
X4_59_47	23.4348109994428	-4.76781388864333	-7.27228341870091
X4_50_46	-10.9313343461444	22.255988943579	-26.1520564806536
X4_36_40	-11.7665949633062	12.8302741100743	-17.9025973720413
X4_36_30	-14.3289219825634	23.2214210199551	-29.2844803836922
X4_50_28	-6.44155420175902	23.5294669276732	-32.5259298194668
X4_52_38	4.6530890887981	0.18814415153925	-5.71323868018661
X4_50_36	12.0728234465653	-9.52723738475765	-24.7583130395143
X4_36_34	11.0026316584628	-6.0330408125332	-28.9530947313288
X4_34_32	6.13329700689485	-2.27946144456418	-31.284571454062
X4_40_40	-8.38605985152721	8.77161455964825	-17.8919324978117
X4_49_43	-1.02178423304497	0.22572768805488	-23.629958439097
X4_48_50	4.17547576110907	9.18350861172949	-37.6662636783308
X4_49_41	-6.27718945880459	6.71166048515983	-23.5185386848758
X4_43_43	-13.9419814107985	23.5598548107562	-28.2437442930968
X4_41_25	-5.79235586154206	7.06343635051376	-19.4572484691634
X4_48_40	-11.3530426485929	22.4149527062383	-25.5286003969975
X4_36_32	1.96169400820002	-0.997742484214261	-34.5983449776973
X4_38_36	-8.99160274069922	-0.147339912316629	-8.89979184759671
X4_49_29	7.41725020362706	7.59548111157862	-36.5543324847232
X4_45_45	0.215318338258667	12.7079946836548	-31.1632122756847
X4_51_45	0.222191869468885	3.99745063550576	-29.2246721511048
X4_48_30	4.94548933985283	7.280589236472	-30.3508918671339
X4_46_42	-5.61071579368562	15.546525542522	-35.8680820275449
X4_55_31	3.26071720894279	-4.40130080739295	-26.2299522424409
X4_47_41	-1.89783188241472	17.19120337004	-32.689575366529
X4_53_45	10.5895044602795	-5.91123347330686	-27.8643372797417
X4_51_27	-14.0176160212181	18.5079511633885	-30.5053496355542
X4_58_40	15.8004315158537	-8.45824376989001	-14.4124758412313
X4_46_30	3.27209626351465	7.91994222102264	-28.2677541674575
X4_52_48	-15.5718782728976	24.2523922313698	-25.3869996037747
X4_43_31	4.08049885608898	-2.70243828578399	-29.8932992161879
X4_55_47	11.7159351143849	-7.91001335724863	-24.5065111152006
X4_54_32	4.60003089621984	-3.09431177892709	-26.8040895770146
X4_38_28	-0.930954864955351	5.78618769653529	-31.3293895412569
X4_49_39	-0.138294462279923	9.55915798852284	-29.4141038600759
X4_61_47	26.1507159566613	-0.64879362127691	-7.84535636489799
X4_55_27	-1.79720883337202	2.68331348625314	-33.0033049251604
X4_39_39	4.57084332585746	-4.58576933491936	-4.85071656097249
X4_42_28	-1.48819269836934	16.4459190878653	-31.9563990639497
X4_50_42	9.46278278316236	-8.20080303785103	-24.4266808927531
X4_35_33	-1.05527903157142	3.30002905653236	-32.4009175192546
X4_40_32	6.50032609815664	-1.67723307434459	-32.5886336036817
X4_49_27	7.11231150421417	-1.01515786552553	-36.8800353615916
X4_50_44	1.26430094350545	2.95846640755952	-28.0270039204916
X4_37_25	-7.23285708423887	6.88315311105272	-24.357266383379
X4_56_50	2.77095771430811	-10.61326513703	-10.4887140304401
X4_56_44	5.31596159762021	-6.35823118189768	-4.8749490153694
X4_41_41	-12.1772167047435	16.0873689289301	-20.9453838965177
X4_56_30	10.8872002672726	-10.5638668470679	-22.6150442404485
X4_56_32	-6.88676466367385	4.28934614844318	-14.7009772794356
X4_40_36	-8.70501068218674	1.03565323197442	-12.9555963982691
X4_54_44	13.0905406818414	-7.67252690483306	-14.2884252391257
X4_53_43	3.32370653508066	-5.35882261147422	-25.5738861284982
X4_39_35	-8.36598713425549	2.22397653830859	-12.7551914954577
X4_34_36	2.19635975819394	0.248460006449333	-8.78947930499537
X4_34_26	-13.9260759677356	28.4167116421052	-21.1746945867916
X4_51_43	-7.50111546903226	1.61857181060048	-15.4275376477992
X4_52_46	-7.92477702616823	8.24664325280577	-19.7914371618506
X4_52_34	8.84804414989557	1.69686531494052	-31.5177602899575
X4_39_33	-9.59061211487342	26.465330926978	-30.024564680759
X4_44_44	-10.7784870951415	18.7455775030974	-26.4704100448569
X4_46_28	10.4122532985723	-5.72034415657709	-27.9258727953318
X4_57_31	11.6142319262316	-9.9542070755926	-19.6909422138875
X4_42_30	-4.17467621603036	10.5542421866092	-33.3511139268236
X4_35_31	3.65790858468057	-3.25062896787837	-29.0777520118101
X4_41_31	-9.15496519925363	25.2995809826582	-28.1879727699188
X4_49_35	-11.344356935646	27.9397643343785	-25.853712256284
X4_33_29	3.40948716286661	4.35077991715878	-42.1211511895365
X4_51_37	11.6486543995671	-9.24039831920208	-20.7178087796432
X4_53_49	6.90837650741591	-1.8024206474389	-33.4606587747873
X4_36_26	-4.15725692368053	6.47888263138018	-19.1657912399791
X4_37_37	-8.77315874028463	-0.578633489620711	-9.15504383899709
X4_60_30	13.9368549041254	-7.90397858060537	-16.5713463552597
X4_56_28	3.28009226965926	8.40053683111973	-27.6821081844611
X4_47_35	-5.26062041828484	25.3020380856013	-32.1796090623716
X4_37_31	9.81712405440154	2.46953104256872	-35.6010345252252
X4_57_39	13.0210384251539	-7.79851894842869	-14.5768141755313
X4_43_27	-6.95362430809774	8.85122338191141	-26.5702528894969
X4_38_26	5.93988709817791	0.213071280315012	-29.0350042674277
X4_59_49	28.6417104577686	-3.48731882331993	-6.57050567168712
X4_55_51	-5.61692108058315	6.30169826273196	-25.6398507948696
X4_38_40	-10.020490635265	11.4718768645997	-19.9605412606588
X4_33_33	-1.30459963140033	5.56385999912863	-31.5297429825657
X4_62_46	26.9657686531456	1.48010460572446	-6.95782298288925
X4_47_29	-3.69963934699463	9.2308051373414	-34.0077233544725
X4_63_35	22.2631630324554	-4.88298025065494	-7.27125079886107
X4_44_30	-2.5544901942232	8.56321471689354	-35.7127921131331
X4_38_34	6.74691014952294	-0.511998255496538	-33.7818936312652
X4_50_38	0.171962947950355	-8.2344355271896	-12.0815728459046
X4_56_38	30.2613904377277	-3.92372002871445	-2.21793671297298
X4_43_35	-7.3587605603904	7.75969484434436	-20.500321057128
X4_37_27	-0.82452461168804	4.04392599134962	-31.2901945351629
X4_44_28	-2.14459242655459	17.9893913412576	-33.3499615910492
X4_40_38	-11.4328408700381	11.9938824831305	-19.7387982885614
X4_53_39	6.92849653853497	-8.13185067801967	-6.9653102844905
X4_35_25	-13.0636572512974	16.4135461611252	-23.3890561687176
X4_52_44	-5.8091887856169	4.98118614376218	-18.0068214481485
X4_59_35	-10.0854366779991	10.871720582875	-19.9625767292475
X4_59_39	30.2509281100363	-4.11415543038063	-0.805582314563406
X4_37_41	-11.5745558204123	17.9248036257078	-27.9849337722187
X4_64_48	24.8637197665178	3.75492157211016	-0.743944237308906
X4_60_32	13.4782878892206	-9.87290015588744	-16.3981705377481
X4_46_34	-12.8851564761166	26.1986252814031	-26.4936020610478
X4_58_30	12.9485548998537	-10.5228920709252	-19.2616144192231
X4_64_34	9.63583227997007	-8.56470349562982	-9.00244004891406
X4_41_27	-4.90569833202601	8.99667375788298	-32.5789218627764
X4_42_42	-7.57067612225749	7.90786203968747	-19.9238792644052
X4_57_33	-7.74699203670403	4.23362353724613	-9.92525833437864
X4_39_31	-3.1554140859744	6.36614637171366	-34.2163238892846
X4_58_32	13.278166149417	-8.03940840280881	-14.905775052366
X4_51_41	-1.50723806755065	-2.96268516382444	-13.3899876431985
X4_60_50	24.7799349307319	3.80902984944381	-6.68476797838839
X4_33_27	0.79653604692853	3.67988606998691	-29.5129972879618
X4_47_27	6.21008168456002	-2.55893437013167	-30.9148815153134
X4_45_25	-3.96679341052681	6.14798296770379	-33.6411808662329
X4_36_36	-7.73393662438599	-1.90557822012569	-9.8072597034662
X4_39_37	-5.66900334518389	0.362075813503017	-9.43507691244819
X4_41_35	-5.65736140652063	7.80973945234704	-19.6040571558
X4_60_34	-7.79152849000281	2.86807112735563	-14.8894365280317
X4_32_34	-7.65558711964302	5.78630287542112	-8.9052671182511
X4_46_26	-0.975288076134854	0.183913621463052	-23.4035842811465
X4_57_49	3.71240623144682	-10.5977243244984	-8.21941421890297
X4_33_31	3.43894813662472	-2.27031715883181	-38.5269035824817
X4_38_30	-8.45614744296506	16.0719862405442	-27.1498605686287
X4_64_38	9.34444803305628	-7.9956338099317	-5.1732494191522
X4_56_40	4.62150748511808	-2.36654502450976	-4.50352742507465
X4_52_42	-2.47193443176587	-2.20087264951771	-12.8621699821475
X4_52_50	-4.10342750204077	19.5229592186864	-32.331831733548
X4_48_44	0.152796040679171	12.1377692603731	-35.9366814270613
X4_58_50	24.8074142169293	-2.06264205898962	-8.72625489140706
X4_40_34	-11.5311772635707	11.8316269229911	-21.1766051247207
X4_35_37	2.38462871721345	-0.91348987659558	-8.34154690803623
X4_57_43	21.7477247127349	-5.46624476803935	-7.8741637626329
X4_37_33	7.19663535630719	-0.651233762429386	-37.3947637666739
X4_50_40	1.69236571790074	-1.29176082374741	-29.3003639787196
X4_53_37	3.01979688159773	-2.10972155597454	-6.99962114102605
X4_62_34	13.9404919756873	-8.79406379675325	-19.7996405989731
X4_48_48	3.53508468447145	-14.142279779999	-11.6241959253985
X4_37_39	6.80695942997352	-8.38986368175534	-7.06939276769467
X4_48_42	6.82252729614946	1.06654266915558	-35.8652893232768
X4_53_27	2.73813631326812	6.78625518555894	-27.927503814745
X4_64_44	26.647042509737	-0.761082624220365	-6.01353600545038
X4_46_36	6.85652163430703	0.715928248895471	-39.9807076975297
X4_45_33	0.581063216441968	3.86964295108933	-29.6927501065721
X4_60_46	22.1343658044898	-4.4776566954782	-7.27732646441442
X4_53_35	11.6491820207426	-9.65878292915054	-17.562513750187
X4_52_40	3.51770600852826	-1.3228915317303	-7.61266469509266
X4_53_47	3.32120555806173	-2.82720581453877	-38.1789836964274
X4_63_43	26.060674150791	-1.44575349062704	-6.57582560567445
X4_61_33	12.0555219736877	-10.1494452912691	-18.966939783544
X4_62_32	15.793326574358	-7.75014519939136	-11.1579586701206
X4_39_25	-6.04839898237584	3.79117113432865	-12.5701752355744
X4_54_38	7.72188107416566	-2.77630190934119	-4.22529051745155
X4_59_31	14.2479606522392	-9.09346166542378	-15.6021291717844
X4_61_31	10.8946026567558	-9.70924543617495	-14.384868387514
X4_53_31	-4.57532750697515	24.2334678662524	-35.1078199517931
X4_46_44	-11.3112679743925	28.1066321042151	-30.7325131218782
X4_56_34	12.6686509908643	-6.86007717680337	-13.6382215312065
X4_64_46	25.1020323489076	3.9383597943051	-7.33488724907236
X4_61_45	29.8988268546533	-3.66093091011742	-4.39745777212956
X4_48_26	-4.05592153027221	10.2220808591386	-33.6267900331886
X4_40_30	0.26603161114348	4.31365294146659	-30.3675777186313
X4_61_37	17.9316138864266	2.08620033646721	1.96600410988771
X4_57_29	11.6893575241436	-8.45738521711263	-24.5841958433839
X4_38_42	-9.71979998887289	11.9906543540221	-19.9937414005287
X4_62_36	13.7691522146483	-7.9534204043232	-17.2984192305319
X4_39_29	-7.05689302843292	4.05553231890446	-14.9889061735692
X4_55_33	2.68924250111732	-2.61350039342801	-6.92859192304088
X4_33_35	-8.32609529599134	-1.01828710802696	-9.1468817511826
X4_41_39	3.59467889571595	7.96237221074917	-29.0643544989337
X4_48_28	-5.06180784399377	16.3432748000956	-29.7739489248948
X4_57_35	7.40187822832961	-8.51175657930881	-4.95626868146854
X4_55_37	7.46462229093672	-4.10976959583574	-4.11984845080058
X4_55_41	8.20711844313599	-0.243922587288556	-4.03329928150068
X4_59_33	9.29255399686631	-8.81154725915442	-9.57060742880614
X4_58_34	-5.874703052462	1.48779563500991	-6.85519282161307
X4_35_35	-7.43859515048461	-2.65617271347302	-10.5910676920565
X4_60_48	25.5226370856931	-0.636960689462773	-6.87655276148774
X4_65_45	24.68340685815	2.93544429353462	-4.29317477183341
X4_63_49	26.1322186000156	2.85096930875213	-7.50251082938804
X4_63_45	29.3577819968272	0.153413305448392	-3.90937250853055
X4_65_43	28.8338706240202	-0.867116688160245	-3.67683612697409
X4_42_26	-2.29571088593099	5.58422338767384	-32.5171704612753
X4_53_33	-7.28846633737373	4.22431625319088	-14.0456192069642
X4_59_37	7.56517757705582	-0.393324423707546	-4.01576493673042
X4_35_39	-6.9827731146039	2.08958070565177	-13.44650122745
X4_56_46	10.7293017751944	-10.0576254961494	-14.0109661620088
X4_58_36	7.42711578860136	-3.8326358050352	-4.91608298882812
X4_34_30	5.50019427959145	-0.569425831978635	-41.3674663448705
X4_58_42	22.9669178612541	-3.55799176946114	-5.82854662794415
X4_60_36	5.35431282143237	-2.82258307700821	-3.92933102547433
X4_46_32	1.70780429303683	13.4810066408645	-31.9954102084249
X4_62_40	28.5896763987386	-4.22294905023426	-3.38183227753701
X4_55_35	4.60799429904599	-1.07713504816087	-8.01745826327261
X4_56_42	13.833903936385	-7.60219099389427	-11.3023719183894
X4_60_38	28.5321564619764	-4.51977063701268	-2.52734806977887
X4_54_34	9.16962835475978	-7.70825347556939	-6.73902590743848
X4_37_29	-16.0978257038556	24.0184937322945	-30.7195362494237
X4_61_43	28.2622484065646	-1.85335872482042	-3.96183783340317
X4_39_41	-8.73570317536613	0.710531679271075	-13.5551187155504
X4_57_47	22.8200973705714	-4.48429099731569	-7.8313351942632
X4_54_42	5.79635825928249	-0.426682686255508	-6.57059347104686
X4_40_26	-16.2233684048541	17.1693145759724	-28.5553786421929
X4_63_41	27.1271019546589	1.12464044156049	-2.70941768667194
X4_62_38	28.1867743119217	-4.32987535211173	-4.28787211438748
X4_63_33	16.9081243089779	-8.05246500080401	-12.8286811190372
X4_60_44	28.7343454259074	-3.20659087333492	-5.86966617181928
X4_64_40	28.6618442478169	-0.193420678947509	-3.66215659995907
X4_53_41	4.05211971822327	-3.66251159367332	-5.249286677993
X4_60_40	28.8984916355492	-1.30439710187853	-3.6540164234953
X4_64_36	23.740599958632	-4.30975932513283	-6.84962267144968
X4_58_46	10.4987913719672	-7.54361870067068	-7.83887476470397
X4_56_36	9.8875046070091	-8.20393015929604	-7.1771728855959
X4_54_36	8.59549139050816	-3.0468103976787	-3.87691513603106
X4_54_40	5.49737640899313	-0.252428958711643	-6.92436651805957
X4_47_43	4.34327835853799	2.72201278490141	-42.2893264702574
X4_63_37	30.3349055745844	-3.40081454154203	-3.56284509724385
X4_62_42	30.249680913571	-0.825661948463794	-5.0754779718984
X4_64_32	28.7696386238991	-2.7777063894131	-5.87872487230198
X4_45_35	-5.34486872342593	23.770096800985	-35.7689172766796
X4_61_41	29.0886905483635	-2.23270976291549	-2.8828825260919
X4_57_37	29.8467242454147	-0.535382859261783	-3.62473276281611
X4_60_42	30.1752930920942	-4.13503624005376	-0.5868750001032
X4_57_45	5.12242019316346	-4.70074437590203	-5.02159881091093
X4_57_41	28.1131359081529	0.292410161203718	-2.20488996759563
X4_65_47	28.1036956211097	-2.39054894814282	-7.30557786258547
X4_59_45	26.215076971399	0.737673112593401	-8.19541218113486
X4_63_39	29.4050177727616	-1.34052449909522	-2.60296205158364
X4_42_36	-1.39051880809125	2.01742765725664	-32.9829609799416
X4_51_29	-18.9082441530981	18.0544544834358	-28.0846547904196
X4_54_46	24.5403704369369	-2.34933298635808	-9.07438056623275
X4_61_39	29.2479158768825	-0.630364845902927	-2.75054461835043
X4_59_43	28.0134250925502	0.172583841434824	-3.5217849252004
X4_58_38	24.1204212965879	-4.89825812323244	-6.4811166257458
