V1	V2	V3
X1_29_49	-12.2674405926057	-5.31714353896427	27.7070998445683
X1_35_55	1.54081837391006	8.4614902251651	33.3807077038703
X1_29_41	-9.83314257059384	17.3757590305409	45.9548214293176
X1_24_34	-7.96503950014667	-6.06746306233218	32.3216546128165
X1_32_44	-3.9992201835648	-9.69762245161455	25.5691327538572
X1_39_55	-4.93659859779291	-12.6165271231403	22.128574623053
X1_19_27	8.92472800405724	-8.16226925775843	26.9260327158116
X1_22_34	-9.59895914126399	17.6863533767644	46.7852891757915
X1_32_40	-20.0357849693362	-4.98190418104581	32.6349116898097
X1_31_51	-9.58979077474141	6.96413006713639	33.1859872407705
X1_32_38	-10.1603748501767	14.6520423117515	44.7367054717505
X1_33_35	-16.6528388485304	-5.95840766444654	32.3020270996192
X1_33_37	-9.24743267899864	16.8115312353075	45.4810286112568
X1_30_50	-6.15672208206247	15.7022511713405	39.4496959295445
X1_23_33	-9.07283916037453	16.08003977446	45.4821658737855
X1_26_46	-10.6375643152926	17.0023594988686	47.2671484442171
X1_30_46	-10.7640958687609	9.31330243710193	36.6530860832641
X1_28_46	-6.28713664945204	-5.82921023482877	31.036337545236
X1_35_37	-10.4881820390357	16.4731289871372	45.0778710457985
X1_32_42	-9.52504789691158	15.1630898206325	40.1926005712086
X1_32_46	-7.99697625345987	16.694370479776	38.4188590609901
X1_36_34	-9.12543217422748	15.7814871316509	38.7924812985601
X1_26_44	-4.24122239166659	-3.06125666129636	29.8351542740772
X1_31_39	-9.80121912165461	17.1683346745669	44.0025454769201
X1_47_53	-20.5629319927035	-3.38464480833525	33.9471352052347
X1_31_41	-19.6159690239359	6.92967161045021	39.904456682482
X1_24_32	-8.01981110082693	14.8366308971632	40.1945855693702
X1_32_52	-5.30342923820653	8.09737701420816	45.231946912524
X1_31_43	-18.9202551437385	-10.6660685110339	26.9282261361482
X1_27_45	-9.76539416693552	16.4840564695317	43.4967998057598
X1_34_56	-8.86015509773093	16.9901542002999	46.2931790426724
X1_30_48	-7.41178742094541	7.04527761601186	35.6122965993832
X1_25_47	-6.90748614288455	17.3759933834546	37.6380072806543
X1_36_38	-4.74748197845209	-4.36582470043016	31.2311483277235
X1_30_40	-8.68523974049304	15.9698157356011	44.6873688500951
X1_20_34	-14.2871276794709	8.7323145949917	39.9380157357754
X1_34_38	-9.50482202494326	14.8938729469557	43.715155154718
X1_45_53	-7.1298793493009	-5.64145383524355	32.1099843203594
X1_28_48	-1.94343657493148	6.38911235433738	42.5617527892339
X1_31_47	-3.68633621025874	7.74173476798815	42.4474678855653
X1_34_40	-10.7057916042536	-6.54263031017698	27.3034445454766
X1_31_45	-5.03706958572878	-2.67173371252621	29.143735444047
X1_46_54	9.02398996321348	-7.54999114935247	32.4562930754965
X1_34_34	-12.1538347100733	8.93601056284879	36.0940669506459
X1_34_54	-5.21992423013251	-11.1727732214629	17.8620868672931
X1_29_47	-11.6395821296922	8.27177409067178	37.5090239749218
X1_27_29	-9.47224626752379	13.4183428731506	40.0850531453828
X1_28_44	-4.38723435227904	-4.00827278699017	33.1505551391258
X1_37_35	-10.8150669950681	13.8699882422634	43.702926000637
X1_35_33	-11.3809787829189	7.09936240994848	35.8812681376273
X1_33_41	-7.42610863482966	16.7979047217095	39.1432938297643
X1_29_45	-8.66020809873782	7.80308887677014	32.2381020437554
X1_28_50	-7.98923063999285	6.54002049870727	33.0701299887029
X1_38_34	-8.83726011079005	-8.30522818940909	25.9719639686594
X1_34_36	-5.61933208873293	7.67687588052054	41.7201825714533
X1_27_47	-10.472280779442	12.5673895300264	42.3045811029412
X1_37_37	-7.21483147787926	7.84024979104594	40.753673095461
X1_33_53	-9.07170934119668	8.13164055559045	33.4440744442604
X1_28_42	-9.13671003358286	12.9741954581344	37.4995175257809
X1_30_44	8.70944321749566	-7.69440071974012	28.6846186040789
X1_33_39	-14.8500355614986	8.68308396859707	41.0775190565152
X1_44_52	-6.25653265627007	-10.4488774031191	24.4221656234454
X1_29_43	-9.14138624829795	-8.27162462682256	27.9367143965216
X1_22_28	-12.3008499954559	17.0483151863876	47.9057807251201
X1_27_43	-6.87261220928521	-3.58111262528269	26.2113723823506
X1_46_52	-7.92158436895542	8.51701042564102	47.6038891938443
X1_30_42	11.141902560714	-8.59506670622347	30.788668211236
X2_40_40	-23.1919366759972	4.23327923903136	35.1415161084293
X2_37_45	-19.4606111892096	-12.4659356782727	23.5535995154277
X2_40_38	-23.1075144587531	3.49384621761953	36.0872957712445
X2_33_45	-13.5470402387079	7.22727295423122	31.3239333029574
X2_38_46	-19.2737011474021	-12.5925840214323	26.7465987479804
X2_53_53	-22.3006767811392	-2.18500310721967	33.2048448672408
X2_36_52	-20.8484914843607	8.13446557137836	39.8501414347605
X2_38_40	-17.4178623624247	9.20094107489036	42.2848533695357
X2_53_51	-20.3521816317267	8.42662749372644	40.1770241761555
X2_52_52	-20.4863382979086	11.1996375118968	41.2089485887476
X2_39_55	-15.5697129462989	11.6980066829163	42.8542578798139
X2_38_54	-12.4559867409309	10.8855370212487	43.1392225353236
X2_30_38	-15.441902990884	15.4617753036605	47.6813286272502
X2_42_38	-22.1412556653784	7.29298632623717	38.7949806153685
X2_42_40	-20.2351920933259	6.85242635250507	40.1632854143543
X2_32_38	-19.0270946252342	-9.98991263222468	26.3618542237849
X2_52_54	-19.054805051173	-12.6244603450336	25.3148936884978
X2_38_42	-21.3783786871126	6.38217909638195	39.6863574918137
X2_52_50	-19.4515433602611	14.692728934312	39.140548632695
X2_33_47	-21.9364053989348	0.699672381791875	30.7401403634749
X2_41_39	-17.1047009716732	11.5873890800892	43.1229981480864
X2_33_49	-16.669049588714	13.558915574578	44.3549962335837
X2_33_41	-8.17027449220955	-13.7500358149218	12.7702805214626
X2_40_54	-16.257833352142	11.7907781179987	42.749144716904
X2_41_37	-22.6239278669521	2.30324784274417	33.5571580273086
X2_41_43	10.0645777575281	-7.91330286949746	30.4757586853903
X2_54_54	-21.3230948672493	-2.90880292050799	33.7447603553646
X2_38_48	-6.28245788183323	6.88622437935198	45.1590320003278
X2_32_48	-18.8580241808851	14.9140801210655	39.598629610642
X2_41_35	-20.3167732468113	-1.43900965533259	35.2154655995235
X2_35_47	-15.6195005273048	5.52905205415948	30.7548957638778
X2_34_48	-18.0480134324784	14.2847069278066	41.8798561344063
X2_37_43	-22.9092953277618	3.4334183275381	34.5776639352983
X2_37_41	-17.4261155750884	16.34912538353	39.6266586963277
X2_39_39	-20.460879471514	7.33206142069716	39.9659868435968
X2_43_37	-16.8286695744934	11.7902296550144	46.2391941758187
X2_27_39	-14.2632532877447	11.8025797588382	43.0426650752705
X2_39_43	-17.8657399538917	12.1612817435545	45.537486610546
X2_43_39	-23.5839796261309	8.24175459105502	40.6160331652623
X2_40_42	-12.4706056479716	8.53130634184924	35.8453359050377
X2_32_46	-9.82126615703018	6.35995041397516	27.5239902024309
X2_35_45	-19.3860377623298	-9.60331503333726	24.3968123195111
X2_36_44	-21.6757295589012	7.45736548188848	39.7044476624999
X2_31_41	-6.38862276937121	-3.86104465950546	26.6883585840529
X2_31_39	-18.9384918056342	14.569920014225	39.8633413024912
X2_36_42	-17.0380028496528	17.1690664379226	38.1544980260754
X2_45_39	-1.49974184228106	2.06606814996248	21.7584527582075
X2_37_53	-19.0978275816787	-9.33410036525929	23.9478371704671
X2_44_38	-21.3951542965078	10.3198958974448	40.1084906235667
X2_51_53	-17.8734304377279	-16.3622150345843	21.9696687357977
X2_34_46	-20.433946212719	1.25020251901569	29.6270411251624
X2_37_51	-18.8709987616368	-6.61737583019681	31.6282778011425
X2_40_36	-19.6452304327504	2.4380604196509	29.6406588228495
X2_39_41	-6.40956448380144	6.75719731261293	43.0967701292399
X2_33_33	-22.1387489824519	5.60783144542549	39.0740501861354
X2_38_44	10.0401625159585	-7.87170372031442	30.7667110638473
X3_39_47	4.59977631444653	-17.5923671059051	-31.6395868104124
X3_42_42	-9.66872160616852	8.85305403284607	-52.8197756474254
X3_39_55	-5.2845920315996	-21.0296844785358	-29.8152035063496
X3_40_48	-4.4692369121465	-22.2295187954963	-27.9514131846229
X3_55_53	-8.72546960413112	9.29761263051698	-49.0190769404312
X3_42_38	-8.75722264938018	-6.74776752247319	-47.4145612517943
X3_41_41	-9.61898468575168	8.03580620578987	-52.7935131331262
X3_35_55	-9.74513151756554	-6.66701563853771	-42.640435854162
X3_39_45	-10.4870758507842	-3.04242251121484	-47.1709292541335
X3_42_44	-10.0443111263664	2.29313288259566	-50.2648869540096
X3_38_54	-11.8393701962158	6.17729041515588	-51.4678740158587
X3_34_48	-11.0228827485364	-7.78706080257933	-33.7723465155231
X3_34_50	-11.3820839095691	5.36232258325606	-44.0373938546943
X3_43_39	-13.9859158907806	4.99744267933432	-50.137325605557
X3_43_41	-12.4622305257243	6.53157403894669	-51.541200743837
X3_40_54	-12.8041498481846	1.29761436779119	-47.0689490420289
X3_39_43	-3.43958168853761	8.7357302261566	-44.4407739396214
X3_35_51	-12.8647003386731	4.99473208375406	-49.4361873142698
X3_40_42	-10.4090100492303	7.35973128351014	-51.5816175560156
X3_35_43	-14.8198340792626	1.0027770917879	-39.5638666676864
X3_36_50	-16.0823468213628	1.82045664686029	-38.790655800274
X3_55_55	6.67865795962451	-16.8438831184182	-33.2118933039913
X3_44_40	-2.32268475533333	8.30275629614712	-46.4979680532783
X3_35_49	-9.75841805312322	-1.69933990509677	-48.0861553330507
X3_34_42	2.65142085176805	-19.39900562597	-13.6740622076189
X3_40_44	-7.15217948528447	7.40852843393687	-39.5660150871639
X3_33_51	-11.379114656822	5.68455578195119	-49.5402178895978
X3_33_39	6.33709325579941	-18.752365666784	-32.6567770259879
X3_40_56	-11.2726615658053	8.90015782862335	-35.8889447592866
X3_45_41	-11.1729327261975	-5.94677104419083	-35.5128276274025
X3_48_58	2.44637819815432	-19.7787673809951	-27.8737395535907
X3_56_52	-9.04327878243718	5.27667452271331	-43.5515420203229
X3_42_40	-12.0801358958437	2.06375386805703	-47.089334742893
X3_43_45	-8.19295866897215	-16.0074434928937	-21.4726927868994
X3_36_42	-13.2322640313925	11.1234638353868	-51.1075648620963
X3_41_39	-9.22234368317629	-5.74032285585078	-46.9408353629847
X3_37_37	1.09951246622058	-13.7005077014943	-25.7322701556801
X3_37_53	-5.84083686975435	-4.8205758342114	-40.6183703985358
X3_56_56	5.444799632099	-17.2262285380566	-34.2311214937018
X3_32_38	-11.4928720720777	-9.06580467162077	-37.3073880910595
X3_35_35	-13.0844087287953	4.68757048151873	-47.7368664720233
X3_33_43	2.93761556501368	2.11387052972615	-14.349674134685
X3_45_39	-11.1625045889712	9.11772312878408	-51.8843133922924
X3_35_47	-4.12335014759311	-19.3214393048901	-26.1154093842004
X3_41_43	-1.65079091933945	9.82775153054919	-44.9703316434629
X4_48_36	-9.81904427255743	-6.86317164921588	-42.087030028703
X4_43_39	-10.8221403942877	9.35508693453459	-50.5949582302467
X4_49_33	-7.98818469599038	4.23764912935669	-51.6477527687278
X4_46_40	-5.00619189926056	-4.88158888042596	-38.2946602713746
X4_43_29	-5.71541273578247	4.32875819048864	-46.18915882712
X4_47_39	-5.50612509329747	-5.61509593097597	-39.4084488384101
X4_44_38	-11.2880916627114	-6.02155787153415	-39.2043556088806
X4_49_31	-10.5525556460495	-2.32677836094844	-48.2101482404856
X4_43_45	-10.9745449514579	-2.08367117175744	-38.9060555417754
X4_48_32	-7.45225343798792	4.68926794139479	-49.9605954083264
X4_44_32	-9.16725319283015	7.86537642855752	-39.1155271888186
X4_45_31	-10.9355600082905	-2.96129146691851	-32.3871316250514
X4_42_38	-5.15278823491741	4.49874940422812	-45.7176799544944
X4_51_31	-5.40212857434724	6.57181387470224	-49.6939976967172
X4_46_38	-11.8809497072743	-3.39473654526917	-42.3336428794185
X4_41_29	-2.32246786703856	9.01045686264555	-45.6500825589261
X4_45_37	-2.46506657466872	-16.5338038819074	-32.4601114458778
X4_55_29	-10.3980970762365	1.47136085719355	-38.6301852805095
X4_52_32	-10.3533705223883	11.3415165074486	-53.7789525460583
X4_48_38	3.64357041447522	-18.8774002559012	-30.0526896348694
X4_41_33	-0.381185825447826	-16.3924008107602	-14.6108796132406
X4_43_41	-9.11531540998844	9.57939046914318	-49.9179096123426
X4_50_50	-8.23066726319171	4.21244449379501	-50.5749656523052
X4_50_34	-6.42298873650896	-10.2104866785149	-36.8613942539988
X4_46_46	-11.3082235211439	-2.839382714551	-28.935949619157
X4_54_48	4.94354826882234	-15.4146839046804	-26.6846122062095
X4_43_25	-5.12157266782032	-6.24074591819137	-39.1359122819126
X4_51_49	5.492750434793	-17.4333192558406	-34.0066012515857
X4_50_32	-4.88026285867936	-7.23573209000554	-39.3705286282644
X4_47_45	-4.71682437176677	-15.5114434153238	-35.472391059641
X4_42_40	-13.6869074703187	0.212285077423652	-39.2287039527486
X4_50_30	-6.48591184970894	-5.45460403223709	-39.4785101194135
X4_51_51	4.28834143456762	-17.3631811214086	-33.4878541766591
X4_43_37	-4.24227879275217	-18.8480277798354	-32.4220361626222
X4_43_33	-12.3950160120906	7.21116892867374	-28.6832393281267
X4_54_28	-5.91360524585824	-3.98275919183831	-32.8217601662598
X4_49_47	-10.130597999861	8.68062517881996	-51.2125153677649
X4_51_33	-12.7774386070293	-11.0208136594223	-30.1429757846202
X4_47_37	4.87013037475168	-17.8687076072047	-31.9191519827841
X4_48_46	-9.84233584475935	5.97289381822424	-45.858752708622
X4_42_44	4.02872075412636	-17.8960959399175	-32.3440611831725
X4_51_47	-11.9105920018625	7.64293296015229	-52.9703253204821
X4_55_49	6.30283312573296	-17.955711147898	-25.8357981022022
X4_50_48	-4.86596403407354	7.39466690607681	-49.6755103998416
X4_44_36	-6.49127544399127	-5.15761746178008	-39.5599183959806
X4_42_32	-11.0960381656829	-12.7403016691339	-29.5214420461661
X4_51_35	-12.2967346216785	-3.95496526463297	-37.9180241395283
X4_52_28	-14.5373638521618	11.2380821413028	-49.9548352482141
X4_49_37	-0.556903878453759	-14.7871181538374	-20.8147860513371
X4_40_28	-5.21952714566278	4.83491478155896	-46.7143395150535
X4_53_29	-12.9122197738347	11.9133592860776	-50.652375396908
X4_47_33	-11.1913542192337	5.16334859631452	-42.573582260723
X4_45_39	-10.3149205338275	5.70073414414323	-41.9801934523676
X4_48_34	-5.53146031139154	5.80619452483402	-49.0438133045146
X4_54_30	-9.99441153802244	11.8871150734546	-53.1364089152155
X4_62_48	28.8888419574226	1.37198755836737	-14.7295263168361
X4_44_40	-1.89874539229339	8.6826469386375	-42.4230052432888
X4_63_47	29.3636621809081	4.4532102188958	-14.4684748134417
X4_52_30	25.0572295249394	6.51864587032829	-15.6165930794674
X4_41_43	10.2700961800902	-2.79451972127314	-18.0808342174887
X1_48_54	-10.0867384527666	12.4080270017079	40.3480599626076
X1_32_50	-9.80391969087804	-5.83566238347724	27.4778173198023
X1_19_37	-10.8153839953584	-7.26611782311733	26.8704033591273
X1_44_56	-13.3009494613284	-7.05745932719315	27.3252293286134
X1_22_48	19.0790113372976	12.1468320680179	18.4787794338136
X1_29_35	-6.44339501751392	16.7949190350643	36.0811651247481
X1_36_40	7.57536267130966	10.3590950656558	22.807896811316
X1_38_56	-3.43821623741995	-14.4285444094101	14.6888059266896
X1_19_47	10.6752323032642	16.1389407031016	19.8599194916869
X1_29_33	-13.6336875099149	-4.39134262941325	18.0438340372129
X1_45_57	-15.0608775136006	10.4409149291904	42.2698714201661
X1_25_35	7.09108636676735	5.89655038269024	26.126061737429
X1_48_40	28.8510988215344	-1.92701943900817	13.3543228319094
X1_36_36	-9.82982583789356	16.1186538476742	42.7164594168589
X1_21_47	12.2589143829604	15.092636343699	19.8215509325839
X1_42_40	13.6429934419945	8.18575351212691	21.4025584830811
X1_30_52	-7.0993642683464	-2.02810504081888	24.2087684175623
X1_30_34	7.77747180855645	8.37764445573576	25.4776957496694
X1_25_31	4.39099124904481	-13.4823721541304	14.8495095188826
X1_26_50	-2.1277647687606	-13.6945384298483	14.8722396779161
X1_32_56	-8.94389467043833	7.06748383000487	32.7079447753482
X1_31_37	7.260293960654	8.54571541540464	26.9525484474559
X1_24_30	6.99478381076348	-4.74589384372975	14.7041887894277
X1_32_36	-3.88004182077549	-2.87088743200848	29.688584221909
X1_36_58	-10.3337577425054	7.03461282064517	36.8075959652243
X1_22_30	15.1627541939001	13.1927327832304	19.1800994252416
X1_27_51	-2.07656721508384	-14.289561421501	14.7173255156428
X1_24_44	5.08168153337735	-2.29918081687952	16.9478418434988
X1_16_36	-18.329919168668	-9.859279872732	29.0237066207658
X1_42_56	-4.49470823685948	-15.4156291015481	13.7012885326147
X1_20_32	-9.59866265930354	6.99280725701705	37.4591646435198
X1_28_52	-8.9161732097149	-9.56479071241922	24.9861032709191
X1_33_57	-2.92841229519706	-10.351035614688	18.8671163123435
X1_43_53	-6.87437888210184	-8.44224778706064	27.6303163858711
X1_46_50	-11.5533876556651	17.040988584694	47.6659049877482
X1_40_36	5.8265937973979	-16.4913275621825	12.5272609992713
X1_40_34	-5.75039614975728	-15.8749501348148	11.5201178715265
X1_43_55	2.74529382024832	-14.0031386995331	18.1461835453813
X1_40_56	-14.9867033166371	-15.0966354105043	22.9632728557315
X1_43_49	34.5963152434981	1.46564056003324	8.08272330105411
X1_17_37	-17.9589712465146	-5.98298269365932	24.9553849074769
X1_41_57	-7.64354020110743	-12.2494795386679	22.9957725365824
X1_22_38	-12.5760135329092	9.89563956504658	36.6654967658151
X1_23_47	24.2615737370527	6.48525258206661	11.5312401065922
X1_32_54	-7.51010313000368	14.562058936381	40.2086476350963
X1_47_49	-10.444812568148	16.4036165339431	47.8374552030645
X1_37_57	-7.78976684077707	-3.83592303402648	25.806851348316
X1_26_38	7.47279384265926	8.47076606952806	27.3523194355519
X1_19_39	0.563378602741456	-3.85058067389817	23.5123838088104
X1_30_32	7.07383141487299	-14.823343461446	16.2461049465671
X1_31_31	7.42683874129681	-3.37292550163844	20.729430913732
X1_48_44	-5.12804696685894	-4.47107011248082	31.9986978281804
X1_33_55	-9.82074563128045	16.288697330108	38.585376145628
X1_20_38	-6.47789729745939	-10.4573936614021	16.3325197264688
X1_22_40	-16.7276629710872	15.8715824799374	40.8710285349696
X1_43_39	-5.89690755023056	-15.8349683339354	12.0582199104652
X1_28_40	-5.02603616419874	-9.14125766332382	16.1046188323957
X1_33_45	8.95285635375694	8.60754719663708	18.5223246680619
X1_16_38	-4.69453122872666	-6.26703702495539	15.5495339640418
X1_32_48	-9.06332423586679	7.27374092459198	31.72025851123
X1_22_42	18.8661450245635	7.28917790375514	17.6793978244489
X1_25_49	-5.77051303514669	-4.85875568224252	19.6174550709619
X1_37_55	-9.33537941277274	7.94502703219754	30.5423070568438
X1_31_35	7.00608092357616	5.75222555478207	26.1615385361187
X1_34_48	7.38596107303906	-4.26477079573451	15.6905754605487
X1_25_45	8.16411204636633	7.45186338050531	26.4643678129888
X1_39_57	-3.66670126993481	-15.004525352793	14.2414031244902
X1_34_32	-9.20882812489317	7.96414537866897	31.6578263177564
X1_35_51	12.715436757194	9.22052488761447	20.3220026908614
X1_48_46	-10.9661627575527	6.18894322252946	34.0087053025716
X1_24_48	12.5057395214308	15.0266315487469	19.7110398854588
X1_48_50	-5.88417072723867	-3.48609404129672	27.2441454587122
X1_19_29	7.86845604969574	10.1919665852996	25.8005198289007
X1_36_32	-4.56033973091026	-0.716044484968366	29.1192484437618
X1_19_41	18.3968467531165	14.0756413046397	18.0415023880698
X1_47_51	-9.40495240715412	12.854211818814	36.4947987306104
X1_47_47	3.2382387149447	-3.23185070308461	17.5778891856067
X1_36_52	16.876397616157	7.43815682885319	18.5997579007314
X1_16_30	-0.294461497560961	5.87065316971181	42.5190812276791
X1_23_35	-9.23552484681147	12.5120556734161	36.9176131016293
X1_30_36	-3.34574492690381	-6.23159338391368	32.9587791414322
X1_18_40	29.2002698628081	2.55108334615782	12.7613090558142
X1_46_56	-4.94072793095817	-1.15392029104019	29.1626728830352
X1_35_39	-7.53225270574679	-9.14197323899354	26.5499050573619
X1_45_41	7.26666235403402	9.52988647008298	23.633454363791
X1_25_37	-3.81893977464638	-14.6986635077514	14.061901809689
X1_30_54	-9.61410725105939	13.466572604141	43.5408134603303
X1_26_42	8.66993002084356	11.8547918238385	24.7901985123482
X1_29_39	1.92371577728083	8.08864242001094	29.9747798720066
X1_40_52	6.43012702202897	-12.0463632414746	11.8358148747591
X1_39_53	4.83485729151034	-12.5602822409655	13.2688591564609
X1_19_43	14.2107671106143	13.948150598731	20.6299707053275
X1_23_31	10.229722174498	13.5907423491107	24.5882955977041
X1_49_53	-9.29591818961507	6.86086750889684	37.24520566215
X1_19_45	13.4561050560829	13.8476796898785	21.3596408314583
X1_35_47	29.179550154931	2.99336256481262	12.0367350510766
X1_39_45	10.7060114070633	-11.1212634057439	12.2439227166954
X1_23_41	15.0936462847304	7.79816414130382	21.4727654037667
X1_29_31	3.48791504687473	8.47789576983406	31.4587565862911
X1_18_32	-7.35626720795764	7.05845090849961	35.758195036196
X1_43_57	-6.7433041630612	7.31440320565106	41.1897201029658
X1_47_55	-2.79219536486968	-0.894000893773311	25.3982705477905
X1_20_46	12.7881778988796	13.6548119974608	21.7009751805423
X1_35_49	26.6852629045793	7.30963727937656	15.5391645402125
X1_35_31	-8.74502826969079	16.6478757328545	38.5241497060832
X1_31_49	-6.78233585442009	-10.845759206011	23.3489829147825
X1_24_36	-6.98239156974146	16.9994193592567	37.0550419165116
X1_17_35	-7.7274326890366	-8.25825615791173	27.6547696892497
X1_37_33	2.94142801353913	-4.72206654041128	17.6145450515943
X1_25_29	14.4294545530594	14.2494074070056	21.1335689279399
X1_16_42	29.1911945221624	-1.43903903982805	5.1231734659757
X1_34_50	5.9958178304776	-15.2594147484751	17.2594619927658
X1_27_37	-7.2165500301991	-0.592736703546364	24.9544085794005
X1_34_52	3.44254144344969	-14.3260346372737	17.5727046373328
X1_30_30	-4.9347190815515	9.44774523645844	43.4907520916263
X1_49_41	7.15130571821371	-6.53373749692885	29.2335370026776
X1_19_31	-9.06791157183589	13.7686607922703	38.4003804431828
X1_40_50	8.80609123728449	-11.4634293738893	11.6161483320103
X1_23_49	10.4777218225442	13.7919736592361	21.1767541209137
X1_44_54	-8.24420229901781	-9.32944136899977	25.1803283214989
X1_47_41	-5.21059127333471	-10.9279943922149	17.2234523415847
X1_37_47	14.6658484722994	-11.0296244274772	11.3233815777339
X1_31_55	-18.1466709434071	-7.82375985719423	30.7121918285192
X1_45_51	-9.91808242130324	7.87609289487079	29.0713837585161
X1_42_52	3.81761298829537	-14.5009712610871	16.0398921009471
X1_21_43	16.5292764896848	13.7983013365194	19.4023235085545
X1_28_38	12.5239470473457	19.2931726560509	22.415215898614
X1_37_39	31.5263558073646	-2.95391458884223	4.28065529880435
X1_20_42	17.1833745706696	13.4760859896088	19.1581873305678
X1_29_53	-11.8508716963523	8.5518648972	35.5235645083659
X1_23_37	-2.32580206319575	-12.4198231965927	18.5324942325525
X1_35_35	-9.75233382676118	15.4064430821328	42.7452460888023
X1_39_35	6.16301523918229	-13.5281003368753	17.568403150465
X1_16_28	-4.02202644208033	-4.90231560332175	30.2361528843377
X1_21_39	-3.81277020717152	-6.20176990169943	29.4048972995784
X1_15_39	11.2196872083242	-12.2608516524901	13.4405195873933
X1_24_38	-3.26115187376976	12.5056158863651	33.8363958451956
X1_33_43	29.9039264901067	1.124696214987	4.30074134361127
X1_39_43	25.1261013995169	5.44498815484331	15.0804247791774
X1_45_55	-14.2266448592375	-15.2697491493217	22.9007817817939
X1_39_33	8.72533161227163	12.1735117587778	24.9721895793261
X1_20_36	-6.70306705051515	-1.81350590220936	24.5190859212487
X1_26_40	31.1963762201855	-2.72503307572981	3.49051166847401
X1_16_34	-7.08085630274907	7.00182418418084	40.6246178175431
X1_33_51	-8.95320457182084	-9.96822076127474	24.3134718584457
X1_20_40	10.3204236192031	18.0147450765579	20.3489080708523
X1_36_54	1.60397170540286	9.26695354544161	33.3772107934611
X1_34_58	-11.402044572662	16.7055720291446	47.7484990088524
X1_26_36	2.78793604945492	7.44214516298112	32.9419399508181
X1_27_41	8.49369811443057	9.11061239927936	23.4366918132213
X1_50_52	8.80668562879539	-8.40863515737828	27.3593550026898
X1_21_37	-4.89478595036846	-1.43049806994483	27.5588900742877
X1_27_31	32.8579754149507	3.17095021320323	8.95474883799897
X1_49_49	-7.66254708943269	-7.51181390592671	28.2120558926206
X1_36_42	7.16630260742489	-4.61574646097125	15.0890602160153
X1_33_49	3.33015235092551	-14.2689532887255	14.5340367335063
X1_20_30	15.0514382181129	6.16215996796916	19.0884000124032
X1_17_33	-6.5699942192515	-2.38214658447922	27.2395046226586
X1_35_53	-9.73861879305007	7.99783832279532	29.6894723921095
X1_17_27	-5.76368009267179	-10.3446067297353	17.2463757782885
X1_33_47	5.87805916824506	-13.6690460342842	16.8365338527904
X1_30_38	-5.39583385089306	15.1811716813742	38.6694188508719
X1_19_33	-6.02224963840546	7.54158490572858	42.5400728816094
X1_48_52	-10.4669942547591	7.14629233664634	34.4012862638167
X1_40_38	5.46687793309917	-13.8848725499057	15.5497671059188
X1_37_59	-5.70201147185675	-6.27739563474238	19.0403022608684
X1_26_34	-4.77017247941001	9.64485624929072	35.1183321144674
X1_29_29	-16.2189059262671	17.630904302747	38.6700425326238
X1_38_54	6.83278590716991	-4.0957920550841	21.5282479184174
X1_49_51	-5.84428584080097	8.11484946845464	46.2121231720355
X1_36_56	-7.74556598529934	-11.853908047464	23.3042888392808
X1_28_32	4.52145985812072	-14.0300410343494	14.4851361614828
X1_45_49	13.1663101240811	7.86516016328037	20.6104640388797
X1_18_30	4.45900027232931	-3.7528160857662	22.3894600499638
X1_46_46	28.5373724713446	3.50459614634587	12.5731652717485
X1_17_39	5.08302765625817	-1.84286035249352	16.3099531800659
X1_33_33	3.17812598456204	-2.45980626543914	22.8870050904398
X1_43_35	31.2837160359977	1.26302630973206	10.9242299465186
X1_29_51	-9.14180106338236	13.2231333382112	36.5767307888371
X1_25_43	7.46691424344987	9.20045784848399	24.0010971539122
X1_35_45	12.9504732179066	-10.8158648831304	13.1972668124791
X1_28_34	-3.04445852247384	10.8812912013897	36.0699037130601
X1_27_39	9.08832047928241	6.63291747036877	25.7463252787744
X1_23_45	28.1123430754739	6.38290967961406	14.5790040907322
X1_16_40	9.29107375804203	14.8624963521273	19.7777640743729
X1_35_41	-5.67870137615327	-5.93233915558236	19.2588087253899
X1_38_36	-3.57688302565733	10.4552605167206	36.1530507971816
X1_25_39	-2.74597602272468	-10.8494532195398	18.3966074212514
X1_38_52	19.8996226118392	12.0214244254168	18.1262577118187
X1_18_36	-12.8786824402356	-4.15741347691348	18.5027929748474
X1_23_39	-4.32566647039403	10.1119171434658	36.1484238120372
X1_44_34	32.231556521442	-3.12603969709598	3.88095029110805
X1_24_28	10.0798154253009	14.3167655211623	19.771568568599
X1_29_37	2.66879564915358	7.13893112937487	30.4137756281221
X1_17_43	12.7866650079608	18.8836773045773	22.069345781494
X1_44_44	32.4241470835038	3.44910934742315	8.81311096208493
X1_40_48	32.555846184182	2.28030544304362	9.446495724995
X1_27_33	3.0849831738614	7.09857905117479	30.4385622014428
X1_45_47	7.40947504802204	-1.23018046036928	15.1818852766602
X1_34_44	17.1266318813952	5.89590776317985	17.5135252605088
X1_25_41	3.68925948498992	-1.28596971207896	16.448341190301
X1_21_33	-4.40346586960417	7.998499739002	42.6770196486514
X1_20_28	1.05712183608719	8.65026267595648	33.7938665266018
X1_31_33	-1.95702845004688	-12.8899564196966	17.5459227934089
X1_41_45	23.9689423661246	10.2815074942235	16.3331489293663
X1_21_35	-11.0296854935924	10.7049669614628	42.1410627215041
X1_43_43	29.3552757378822	0.608168032397531	4.01297825986742
X1_43_41	21.0470841173977	0.0115848865710884	7.78613998034994
X1_37_41	11.0978922813701	-11.1787345971551	12.342057689695
X1_19_35	-5.68666498571279	-1.9463189015992	24.8207975844782
X1_41_49	13.5366960365964	-11.1661307386614	11.9544447789142
X1_20_48	-6.0180510971705	17.6597888865752	36.9139696102304
X1_41_37	9.68815516471117	-8.58075167429805	25.2483844314796
X1_33_31	-2.4362668758138	-1.09913328358075	28.0562967217792
X1_35_43	25.4126266365458	7.11472776069336	16.906885300956
X1_23_29	10.0027567451357	13.7197644378172	25.1127038613326
X1_34_42	2.85230655581915	-13.4661970186897	13.8204786515385
X1_44_50	2.65895010934806	-14.2249412011548	15.2330488025104
X1_24_40	24.0322781033915	6.81395969069791	12.5692078421786
X1_45_43	25.3113892944661	8.86553920930698	15.9004609672626
X1_31_53	29.5550415993173	0.000675375933971632	7.45840809501911
X1_17_41	22.0908948988705	3.19955351522568	10.7835933315145
X1_41_39	27.500649207247	-0.817383419361955	2.85338535028208
X1_42_54	-2.00881712845724	-12.6825492536681	17.8169725333141
X1_34_46	7.45071099755689	-10.8197268347581	12.070802971741
X1_38_46	14.1625132746774	-11.1305340100617	11.647993741025
X1_45_37	9.95193377223682	-8.01942034942515	25.4764237671948
X1_48_38	31.2604866982198	3.73796035969401	9.46616940117084
X1_39_37	4.92657674499502	-13.9855867484925	15.5763432582359
X1_37_53	16.3302844963578	5.7996808779837	17.533054631038
X1_26_48	2.68290442094911	7.56133109274344	33.1315841760697
X1_44_38	21.2023664406498	-0.209047085441426	7.91328136304916
X1_46_40	22.0360366785547	2.95583462099246	11.3845627822485
X1_42_44	30.4953977822346	-2.87012641925778	4.02469770895348
X1_22_46	13.9890990341727	11.15026077117	17.4901785487616
X1_43_37	32.4644866247458	-2.66174317230851	4.38815531277778
X1_40_46	30.4477000084769	-1.17240676895021	5.98739054038579
X1_28_30	2.77295433910642	7.73504344489859	30.9254199220891
X1_47_45	6.03988748422557	13.7916877354639	20.3799546397177
X1_36_44	12.2532876490246	-11.385085755078	12.7636050972314
X1_37_45	24.7460547804502	9.60573499278953	15.9252507139454
X1_43_51	26.0874630272815	4.79332665911675	16.9672049648045
X1_18_34	-6.29597201065571	-6.11014672154845	31.359183236442
X1_41_41	3.89865875765223	5.52519143002283	16.3303167803835
X1_22_36	-5.21432795337959	-7.18228400944406	16.4918015487912
X1_36_48	24.2773642801053	6.80225295427956	11.8950519666064
X1_23_43	15.3586867326494	6.52811668379951	18.7778869510634
X1_42_42	29.4709909856041	1.41715312083037	11.5355228211817
X1_39_49	22.7473303287361	10.2520478100375	16.9051841405454
X1_42_38	5.76361421634156	-16.5467163788344	12.4943788078566
X1_40_40	10.5630340172156	-11.712387618085	11.6807473313223
X1_27_35	-2.49574983945924	7.40537965488418	42.9967656164342
X1_41_51	16.254989472995	6.83605612840871	18.4806812344012
X1_18_44	3.64591099808961	4.91349677485536	17.4973697049128
X1_44_42	13.6202284336541	7.93489495054191	20.1297660615021
X1_20_44	20.7889366319865	10.1620254431252	17.5828757150386
X1_38_38	3.97112240051582	-8.45491064513332	13.2438922367173
X1_46_42	6.51592251005103	-10.7272359879491	12.4426307906989
X1_46_38	12.2159084366961	-12.9925333617361	11.2689813369705
X1_36_50	13.4266191175415	12.6430547513224	18.1052185264713
X1_47_39	26.9140511625897	4.53337573920465	-11.8170808922927
X1_18_28	3.91065966192721	-14.497356061614	16.4855534032626
X1_44_48	25.9707458085915	7.71404298614582	15.8172798349198
X1_27_49	-0.829791253776409	6.05336267967528	42.6240630550688
X1_17_29	-3.74406515842946	-5.55103776826939	32.9163743498653
X1_48_42	5.89792163175394	-14.2779182296935	18.036769765925
X1_38_50	25.8129308181703	5.02025248002568	16.6508159793669
X1_41_35	6.34106676730122	-14.8107320195386	10.515884350687
X1_21_31	-2.98486725037812	11.577992846631	33.6645871230684
X1_26_32	13.5128051410546	11.5632085169779	18.3456686608965
X1_18_42	8.2312558050682	10.5106709235308	17.812070629658
X1_24_42	20.8479551658133	10.3079249447163	17.7680090045215
X1_32_30	-6.42646908688728	8.32407812069041	47.6482604201873
X1_40_54	7.39803298200803	-15.6829206404301	14.8098439259294
X1_38_58	29.9570601325082	-5.8052386219677	4.53155518310199
X1_42_48	30.8721173359792	-2.98110536724209	5.26273503049537
X1_18_38	-15.534415566236	-14.6444454212328	22.2682991446319
X1_50_38	29.6792787787082	-1.04072785359201	12.7387320465814
X1_44_46	20.29048425137	11.8593498502424	17.9467866198336
X1_21_41	16.569170147904	13.8479570990863	18.9074562404254
X1_28_36	10.5200132851939	10.8234667971362	25.4135868032919
X1_46_44	32.682746387799	-4.7629713212832	3.71928781360752
X1_22_44	12.7719758654043	7.12866454836221	20.4153644090438
X1_38_40	26.2319921128581	8.72714899279324	12.9169720809436
X1_49_39	29.3198300278377	1.23052802656418	11.9291131140428
X1_43_45	26.4400319324268	4.39714072633344	11.5229354897998
X1_45_45	26.8161767034616	4.32365912536818	12.5814300992577
X1_24_46	32.2581628689476	3.69735465749001	8.08980430728677
X1_39_51	27.8656433566515	1.80797033706996	6.07702555960854
X1_44_36	8.89351680911287	-8.02293677750413	25.6806698458219
X1_21_29	10.8842682619089	19.8488301123786	21.6456676655465
X1_42_50	29.2214107860683	6.84218723221533	13.5158939534523
X1_39_39	26.9800629800531	4.72378417540559	12.3892175007118
X1_22_32	7.33003578379233	8.736226504076	26.7475788889345
X1_32_34	30.6980149017011	-0.515215771869664	12.3478547932435
X1_37_43	28.9551770877817	7.72197505668596	13.6443328662951
X1_36_46	25.3666598794069	5.07834750921706	15.1800163137011
X1_47_43	30.0537241498044	-0.424875059446737	12.2833838521578
X1_42_46	20.5911040682083	0.59934344968587	7.35853604900588
X1_26_30	11.6867992072878	18.7798102878227	21.2102033638553
X1_15_41	28.6185072655054	1.45090795768454	7.43135950090195
X1_44_40	31.1579529327439	-3.82716378067775	4.22777363871114
X1_17_31	28.1557143796768	-1.00142229714947	-11.9557136716943
X1_47_37	27.9131556611607	-1.28219558991391	3.50273913142044
X1_37_51	29.0505593828367	-1.15450403921325	3.72540889679222
X1_39_47	24.5101479671141	5.66382790738235	11.3147627904437
X1_37_49	32.4140273996895	-5.27224769529355	3.87202506277888
X1_46_36	32.7360518138971	-3.708437373571	0.791902494780689
X1_45_39	28.3442878977772	-1.94206081310794	4.35253385733335
X1_43_47	27.7202488307542	-2.57338175770965	5.81582131566012
X1_41_47	34.5049298518938	1.40286708169272	7.94582897555739
X1_32_32	8.58025578530399	-7.55340313253493	28.9311629663504
X1_40_42	33.4994920334481	3.52424277592504	8.10178638208664
X1_48_48	10.2721980211788	-8.26645057000735	32.8146115095263
X1_40_44	26.0856237907393	9.41548708316555	13.3463203048441
X1_38_42	28.998169406199	0.782274530011362	8.01941824762523
X1_38_48	29.5070471789395	7.56201693389479	13.605254360827
X1_49_37	30.8772103812589	1.32901836129479	-14.8357229015784
X1_21_45	33.2936589376039	-2.67525366333491	4.40729647026403
X2_26_46	20.1463248426756	13.4339918884297	17.7764901583667
X2_48_58	-22.6690657872832	5.38300131157663	36.7281749795777
X2_33_51	-14.952587559826	-7.11450975644096	15.360665171624
X2_26_44	9.58888354321525	12.5152677854815	14.7606728678713
X2_23_41	-19.0407350291153	-7.60361189538631	30.1554834101899
X2_25_43	-8.32850991410609	-13.8425828638129	12.6522413276268
X2_35_41	0.29170373521797	10.83306093769	15.0510894669311
X2_50_38	1.91180072374856	-1.53447662681905	16.0600665093854
X2_24_42	-17.8485485803546	-16.8575680448964	21.6316649821366
X2_55_53	-18.2899098640466	11.8271204919523	45.8087262911142
X2_54_48	-12.5509506934606	4.9390561537962	23.7078334100083
X2_43_57	-23.2973727983386	4.95968937226362	35.4261566178322
X2_51_45	9.66520989303567	12.4347473088746	15.1254672466192
X2_41_41	-18.689729715845	9.00449207592066	42.2480486498938
X2_27_43	-17.674727477104	-15.6991633632263	22.8630987269686
X2_33_53	-19.6005833900439	-6.86167243689516	22.3344420071309
X2_42_44	-4.94812183343858	-7.94651717656492	16.3923114395037
X2_55_43	-20.0879558922059	-4.96956567620833	25.8668508611416
X2_38_50	-19.9359338411812	1.53605256180723	29.053770243041
X2_35_55	-15.8494847607279	15.2407216710509	47.5094494890164
X2_52_44	4.51833445535125	-1.5776641889854	16.7804978354533
X2_32_42	-6.10073818332188	-13.7622644262267	13.2293045763491
X2_45_51	3.36054656151113	-0.318138558596359	21.995052722134
X2_37_47	-17.6547716630105	2.95240967883987	27.5581952062065
X2_54_50	-17.5664479629264	3.37496817866427	28.4497071189351
X2_51_47	7.76251883774983	11.288798282505	22.5554016092303
X2_46_54	-14.5222443697548	-7.17254659935178	15.366568550286
X2_47_37	-15.194157165375	-4.65284221884548	17.2442090106863
X2_40_58	-16.4536625192821	14.9396977100623	47.3301795903732
X2_42_56	-22.3507339128112	0.232464594190461	30.234984111593
X2_52_56	-22.5552487430026	5.18717094212842	35.7354607142567
X2_54_40	8.03566736984596	-1.3300553311149	13.9070657875205
X2_54_52	-18.8454365273115	-11.0031548544248	28.0853511546904
X2_46_56	-20.0627959978806	-12.6462780067016	24.8557517068655
X2_35_49	-22.4022879693144	1.62435149330985	32.9460691292119
X2_33_37	-10.5980546833528	12.8007818722443	41.3163559710556
X2_36_46	-7.02005338920606	-9.74999177453591	24.9044977497272
X2_50_48	31.0319583355443	3.53874346988859	9.20449858571874
X2_47_47	11.9092590092822	-12.9373372537172	11.3414670603674
X2_50_42	-5.32348568453958	-1.56932637275346	23.7378684676452
X2_27_41	-20.5133410561636	-4.59340853394524	26.8934038691563
X2_42_54	-10.7466282494678	12.300297365461	41.5641376506506
X2_44_54	-14.0169210302097	-4.55824232367417	18.2036895345756
X2_38_36	-10.7622316074024	-7.61442599980327	14.1380507909643
X2_53_49	-13.259482000544	11.9182864155871	42.7900542491538
X2_48_40	-6.89479393082546	-17.9076982442532	12.7200220059516
X2_32_36	-5.00582705445138	-10.1806369887306	23.8179380450797
X2_36_38	-11.442315739154	5.7341120341316	25.6384683820968
X2_25_35	5.03125563426533	-4.35452524964708	22.9228622955065
X2_55_51	-17.4833719709247	4.1653623525493	30.0506091821944
X2_38_52	-20.4914020808528	3.04664834871125	30.8901914888399
X2_51_49	13.3573986214277	7.86074824469386	18.4845353217117
X2_30_36	-7.63171002418049	8.45168111743507	47.507770717662
X2_28_38	-6.98277113799374	7.18626991191864	44.7255078931992
X2_41_47	6.57150890160945	-12.4967625837368	17.7905724342072
X2_51_51	-12.6021535144793	-7.16811456371719	13.3758459280847
X2_45_37	-20.4309567787044	3.927692757513	30.829781519414
X2_46_38	-17.0242903899115	3.2467457770451	26.9316814864293
X2_27_33	-22.4763134900844	-1.78841336389093	34.2093912323885
X2_46_42	-17.7924218932444	-5.50766276311948	19.2908098121949
X2_47_39	-19.7586577860653	-6.71575583527328	20.4954424701926
X2_30_50	19.7734083158685	13.806429529467	17.6777848495048
X2_37_55	-21.3537345688474	-1.83898134639235	34.3833915587844
X2_36_50	-20.2223537388896	-1.04352631672296	35.4824424678577
X2_28_34	7.85188359343525	15.6514737081749	19.2317630305369
X2_34_40	-11.8392419719142	5.39222688834267	25.0068953167282
X2_46_40	-3.3552630848909	-0.719421562906422	26.1894508234521
X2_33_39	-17.9209766076492	-6.36268975608879	24.6324317197763
X2_45_47	1.01847373099945	1.4263224963956	15.2509767758347
X2_27_37	-22.5408371352412	8.72516186223263	39.0269208992522
X2_48_56	-18.0337595299658	-11.9390104996664	21.022082432233
X2_26_34	-1.55712738682777	1.7776440869345	22.5994545100353
X2_52_42	2.90363901806924	-2.77782441173908	16.8307511599158
X2_48_54	-6.80650654435377	-13.9057445079479	11.2544601486748
X2_25_37	-18.86445593737	2.06115975884554	30.2244293741846
X2_47_49	1.1136361548181	10.5901031421439	14.7499674026819
X2_40_50	-12.4908161249235	-7.27031975536173	15.4677140446956
X2_48_52	6.43700265678856	12.334992063642	19.0183714774279
X2_32_40	-17.1843478048851	-7.71229374649211	17.6192979910188
X2_42_58	-22.4394716243907	6.09056760226843	40.0585858093745
X2_47_45	9.11082264031168	-11.9123288394487	11.3728261946159
X2_36_36	-12.9799061752587	-6.91012490973371	15.0063770284152
X2_39_53	-18.9652418340188	7.53022570629502	41.8056635090533
X2_54_44	-0.156149041464351	-2.68074704381255	24.0505940065742
X2_47_57	-19.3036199546949	-9.94970260200247	22.6199613198642
X2_36_40	6.47622599778424	11.2018134539246	22.1813830909962
X2_47_55	-16.5594367997969	-14.3541263295206	21.1915112184753
X2_55_49	-16.3115989082714	4.46142268150477	30.063949022593
X2_47_51	-4.90514724422574	-15.6771938775021	10.5207655184179
X2_32_50	-16.8813450987816	17.4101922380208	38.7766231798114
X2_43_35	-16.1949716468055	-6.34727671941662	15.0703821468299
X2_39_37	-15.7939561138393	-5.6991487356451	14.1349350875161
X2_45_57	-21.7525212005019	0.777643610417938	29.9828355653624
X2_50_50	16.2483975813323	6.20671542427564	17.3287603026721
X2_31_35	6.10630017258793	-1.32444910648844	15.4354234434922
X2_56_52	-22.0562378951476	5.46899211171318	40.023393606295
X2_48_38	-11.6732409877013	-7.48344178994815	12.9538702359925
X2_35_35	-11.9951930731815	5.15971944222743	24.4746841520501
X2_23_37	-22.8145717350845	-1.34595681837784	32.3286464407735
X2_24_40	-18.069421495225	-16.6307835549542	22.5090082040671
X2_48_50	12.7352493031356	8.01993125173598	19.258782435232
X2_27_45	20.3969305130038	15.8623348090354	15.3464010817162
X2_38_34	-15.3771530316464	4.66703043736219	29.7345580488685
X2_36_54	-16.9008567383385	-5.08909230277071	32.569625122631
X2_34_50	-21.4356382148846	5.47916100259571	39.9323236127933
X2_34_44	-12.5569669521388	-5.93577744848437	15.2483675007468
X2_53_43	-6.03412958620159	-13.6366009119358	13.2535604929289
X2_44_56	-17.5330980319806	-7.00973564100313	16.7277487510894
X2_30_34	2.9578760804728	-3.49828937928433	17.9514121751123
X2_31_43	6.97362244916542	13.11277856399	19.3497138496545
X2_39_35	-19.1770563990667	-11.9533273235843	27.3848665057644
X2_45_49	9.35620568472935	13.0727650432339	18.0568703851407
X2_37_49	-21.7420004116782	9.51879594785086	39.4125708851589
X2_25_39	-20.3842731647532	-13.1815638815724	22.3128951194703
X2_41_51	-14.6135102576376	-5.24495150421658	17.6919625823653
X2_24_34	-6.79980900809786	-18.3798216718309	12.6995397679653
X2_46_58	-21.1617596181698	10.8049458206899	41.5801997013543
X2_23_45	29.7250162310934	4.98669073629684	-9.17611420893801
X2_50_54	-17.0451467080648	-14.7506102072481	20.5160540659698
X2_42_42	-12.3247728317698	-5.04374394974362	27.8007582499365
X2_42_36	-17.7228853644099	-6.81907130348664	31.358278392818
X2_49_45	14.0782114993421	12.6598272313237	19.1399363309482
X2_51_55	-17.1446927729854	-13.8676207492619	20.3886859934568
X2_41_45	4.99431529079728	5.58576323257962	13.6368031825851
X2_35_51	-20.8832358833842	4.26144924519321	30.7871594243872
X2_36_48	-20.0696327338483	-0.293045927421635	33.6952875766928
X2_38_56	-22.9653112719234	4.03881844177751	36.4072366649448
X2_35_53	-18.8253260916614	2.57882436680698	28.5303033837263
X2_39_57	-23.1359179200263	-0.550239085795768	30.4718407394561
X2_32_52	-12.4460810646188	-6.89961108314552	27.300748257827
X2_55_41	-3.00920288913924	-1.30844460523606	27.7324033930131
X2_36_34	-17.7010936737674	16.3483657143477	39.2038681025752
X2_34_36	1.93277886595338	4.649016446178	18.4322851199348
X2_53_55	-18.9886034757665	-10.6334754553277	23.9169415119521
X2_24_38	-17.8705730719546	-6.58898528137673	24.0434579163141
X2_31_37	-19.6733505717365	-1.13434424080109	33.8368338953729
X2_30_40	2.64359156506919	-1.04448297285263	16.5976093180372
X2_23_39	-19.8467293202824	-8.23350912159781	21.2797910367788
X2_40_34	-21.0216594155461	10.7347710076273	40.6283251826052
X2_34_54	-18.7481971497892	14.5575021775972	43.5517589211785
X2_31_51	8.57021289622571	14.8518357990294	18.8459488852936
X2_53_45	-15.0781994088782	-4.97839009267413	13.8500051917168
X2_30_46	21.3188011218937	8.87355139980167	16.3729244006922
X2_46_52	-0.64506570649676	-2.46883638355859	22.4588683911485
X2_46_46	25.8406185271408	3.76311893229537	10.5096988546958
X2_31_49	7.44742886642881	17.5408313250724	19.5329826165548
X2_45_55	-18.6657347354455	-7.45501289070164	30.4778115386715
X2_26_38	-17.3945105642683	10.6104350283181	46.2548254724595
X2_50_56	-18.6302717027741	-5.49544677040504	21.5671332483651
X2_39_47	-18.8872340343274	-7.06215417606807	23.832763715846
X2_48_44	5.20626709907989	5.90112374153713	13.4509470199078
X2_28_40	-20.3620994284197	-6.811126910832	20.7361772673189
X2_44_52	3.21516502402228	-2.92770252396958	22.6961953761437
X2_46_50	11.2591701437384	8.02432130540837	18.8363575035565
X2_27_35	-6.47082003722281	-17.900000143756	12.3745744469848
X2_52_40	-4.84251707637547	-10.5392381963224	16.5642580108435
X2_34_34	9.3176689501899	15.452237550144	19.1869727716213
X2_28_48	25.6156906228322	10.3874088326311	12.434433730348
X2_37_35	-16.477851011468	-5.88072693414142	18.554620283515
X2_29_43	-16.7172000395819	-13.9675513462736	23.5004166569541
X2_49_41	-7.50521942660112	-15.9445871793039	13.0632739995659
X2_35_39	-17.6629790948848	12.5664669793889	42.5559613414395
X2_51_43	27.1963889198587	1.70385847866595	7.98717758901511
X2_43_55	-15.080857263097	6.19129006855922	31.1035621544197
X2_32_34	27.9476969582144	1.52130949267917	5.54332672256044
X2_45_45	26.268478885172	5.23367685740022	14.6303106830809
X2_45_41	2.91840417101885	10.5792507400056	16.2649564533117
X2_31_47	27.562288046065	2.08391175107955	7.39851152610067
X2_43_51	8.27790193756022	-7.8560514543549	25.6959782088953
X2_29_41	-13.544206418027	-7.30473561627322	15.8922083368486
X2_23_35	-19.8014196540796	-9.72244005623442	21.8091118186197
X2_45_53	8.19711453615344	-7.65098057787468	25.4968713318415
X2_27_47	9.89921856110075	-1.13222043989074	12.301326522572
X2_25_45	27.6954743194153	2.30704763951388	6.34512211088654
X2_40_44	-16.7925880482555	-7.70954825806497	17.9240612597534
X2_48_42	-2.65608738731712	-0.641385451170299	24.5940754468632
X2_37_39	8.25466191534993	-0.35620557898825	15.4935461952323
X2_35_43	-6.05414976345416	-14.827795657229	11.4437114032741
X2_29_35	-10.8972258618924	-7.29115817160364	13.6101823517039
X2_23_43	30.4933665799511	4.45573432159986	9.69436697087083
X2_40_52	-18.2150492099008	-6.13320769328724	18.1718159280421
X2_35_37	-12.9324357288919	9.23115623721799	35.3000819543998
X2_43_43	9.3702832657207	8.18370316116774	18.0692765421154
X2_26_36	-5.84981404803856	-10.584162654505	24.0498758652354
X2_38_38	-15.8361055467831	-6.20872920707358	18.245117988091
X2_33_43	3.14572586997297	10.3185678030592	16.5353559581512
X2_26_42	0.254425441687331	-2.8215456649016	22.5725785536401
X2_40_48	-0.949729403980322	-3.11487957829001	21.7608795484794
X2_50_46	21.8405178357416	3.80881379836738	9.5914686193971
X2_47_41	6.30702803967291	11.4335502292684	19.7113355783404
X2_39_49	-18.4806684320494	-6.34005603335243	24.5671627541144
X2_28_42	-19.3596514571322	-12.7045485554042	23.8007645108076
X2_52_48	9.41208610488632	-1.43110013463181	12.8454909346041
X2_43_47	0.971479792564276	10.6334436740554	14.7626983099691
X2_50_40	-12.43830725102	-6.86564021087097	14.7250403603061
X2_25_47	20.3739742570035	15.6099291806482	15.1146755413654
X2_30_48	22.0401645663695	10.8209374428648	17.1966497245043
X2_54_42	-12.6732815729915	4.55011650363108	23.0677644492795
X2_50_52	-7.81157466392212	-15.6057323850992	12.9951753662817
X2_51_41	-5.698407200748	-11.4905345516271	22.2242226355275
X2_49_47	0.307536458536014	-2.98951965753232	23.7560665805008
X2_49_43	8.27277435204627	-7.11505910864145	32.6514954554793
X2_42_52	-2.36384603623393	0.133359542823485	23.8325750483331
X2_31_33	7.15828429226605	13.7197825062278	19.3774399653305
X2_44_50	7.8275167104432	-7.06119265412732	29.2264901311043
X2_45_43	0.461859306201036	1.65484675888275	15.7287340459549
X2_34_38	-11.4198870607938	11.8929123986543	42.2883714705716
X2_41_49	-15.3521303600162	-4.15650481450571	16.9227469736231
X2_25_41	-16.9198486530698	-5.12393899580302	19.1305218083221
X2_47_53	-5.40339938929761	-9.67244700135921	16.225297032028
X2_42_48	4.18960421541549	5.53684557959482	15.3146726552673
X2_31_45	18.9476378395343	7.00092205766996	17.5707591908026
X2_40_46	-13.4955695337184	-7.76206618898758	16.8988345307211
X2_43_41	-7.11814521697172	-1.01725628401588	25.341068401044
X2_34_52	-10.4281045015796	-8.12898332950814	26.9709230918093
X2_28_46	19.1882787366589	16.3753172683565	15.701737264381
X2_24_36	-18.2792344058676	8.55960382231958	42.2683742172061
X2_49_49	22.1904965359288	3.87829327947001	9.85508415232737
X2_33_35	10.1522600065877	17.5397573661811	20.2160090461591
X2_44_46	2.23336282073783	-0.180452669732239	15.8471593370456
X2_42_50	2.19377647038462	4.75852609157553	18.2369212513096
X2_29_45	20.9820013220403	9.20597093658354	16.6661902724606
X2_28_50	9.90801450554694	18.5335341701721	20.3232400286001
X2_44_42	4.58883421850251	5.70280494567973	14.0697155390003
X2_42_46	2.86829556731928	1.17930741056611	17.1669283862173
X2_43_45	3.47635730945239	5.02452789850041	17.0623817178237
X2_49_51	24.4652675420164	3.5660832094874	10.2725154274523
X2_50_44	2.10522283160419	10.4807187469148	15.7549091727516
X2_26_48	28.6870933919863	-0.237128691288752	0.346739948633492
X2_34_42	-5.29110629098465	-5.79036012630199	15.4265757110074
X2_32_44	19.945228250014	0.524813603104393	7.6532064629468
X2_28_36	-2.14137776060573	1.5062733111609	22.9037284004242
X2_28_44	10.2738501355693	10.9134522024092	16.8173564707283
X2_30_42	-5.50991243931552	6.65220986463986	45.5497847193594
X2_29_39	-17.0326118449582	12.0446796960045	45.2101132618836
X2_48_46	8.03683661935584	6.79645889207606	18.4353404506976
X2_52_38	0.249286425618295	1.33423480786913	15.8880716579132
X2_43_49	28.0913539909866	-2.3506083949495	5.67635573202102
X2_43_53	-19.2558824937873	-6.7992743604796	21.0215439154525
X2_52_46	15.2634618586515	5.94910147565227	17.1996525776316
X2_37_37	-16.5166695776322	-14.2269017319816	23.0182942762606
X2_56_40	1.9185371559746	0.398460122188273	16.2387829683639
X2_39_51	-5.35074177185149	-3.34880057726643	29.926542910843
X2_53_47	3.35244532191865	-0.986348337692248	22.6986648843028
X2_29_49	20.151081953448	16.0323020117521	15.1835165878573
X2_51_39	-3.76080899618111	-1.94088079612283	28.289613227774
X2_49_39	22.728750227014	-0.387107633537943	5.50848656770005
X2_49_37	-19.7064548434329	-6.63357003095549	24.2969605960204
X2_24_44	27.544982313667	6.29622368567782	14.298614474197
X2_46_44	26.950594588481	5.36204570146443	-8.78368071650183
X2_54_46	8.1826397888592	-7.11980730825669	32.6047097611716
X2_29_51	10.9044676924167	-5.71832910290179	-6.85048277205373
X2_47_43	32.0592411024253	-3.93984466465408	3.32982853736955
X2_53_41	2.69910199626627	-5.45223975549449	18.162366629222
X2_29_47	19.15351461269	16.6287806802338	15.5087223208373
X2_29_37	-5.59239413729618	6.8048429583595	45.3471418029916
X2_26_40	7.60375605277887	-15.3502539064342	17.5127496867685
X2_53_39	28.0784964959914	-0.745045195611718	2.28719481184642
X2_44_44	21.1377526379322	0.352105583596046	7.05367273933476
X2_49_55	31.1116164530068	2.32431435769787	-13.1070903747242
X2_44_40	32.8411677141484	-3.6849154525509	-0.170550613205357
X2_30_44	25.2548676624295	-2.85973101513253	-11.1684693845648
X3_47_49	4.39717296155709	12.3088617365001	-12.4743169783304
X3_37_55	-12.1054791637739	-3.11660074150627	-46.8088954795336
X3_41_59	-4.58244489456506	-19.4096368560688	-26.8188349304183
X3_29_45	-5.58039538762904	-11.2239996959897	-18.8053719793683
X3_26_46	-3.71498776802155	10.7286019390529	-17.9359900324379
X3_31_51	-2.13283179766583	7.05897100262232	-13.4571651408993
X3_46_38	-4.79003716758674	-19.1313484092251	-23.699372116619
X3_48_50	10.5680650570897	7.37667197496162	-12.426447237238
X3_32_48	-3.60670135046627	6.21187449449933	-13.5178424369031
X3_50_58	-4.55990244639973	-18.7978236301307	-31.6474417305616
X3_32_40	-9.54381213796809	8.49060611020561	-38.3129480954166
X3_51_57	-4.68160553866347	-20.0748196732208	-22.0679310834537
X3_54_56	5.1469881558791	-17.9219550011048	-30.9729318449333
X3_29_43	3.07677317549508	-18.9953815651255	-28.9574152533969
X3_30_44	6.08156886951819	-18.2000927421008	-27.0981728845549
X3_42_54	-4.82093749729083	-22.0452114620136	-26.6068924341433
X3_36_46	-12.3809251216988	-3.96594528666594	-47.0238854839107
X3_38_36	-3.95271661794967	-9.40902505759435	-24.3266133781834
X3_52_58	-10.2358634988512	-8.79567976425912	-40.5353532423865
X3_37_41	-8.9471717803334	3.06951581264641	-39.8535687324853
X3_55_51	-9.74524423002245	9.41644437725757	-37.9088195353347
X3_40_58	-12.7453225477994	1.21603456006627	-46.1812234137152
X3_44_38	-7.81645496277848	1.93901988519543	-41.7179261657825
X3_56_44	-10.8845822470963	7.01436427057587	-29.8554148241877
X3_54_58	-10.1255253430107	12.0521023801524	-52.6827946950982
X3_35_37	9.36246436947613	3.06220715824987	-16.2291507982679
X3_35_53	-6.59392580620965	-20.9869571561309	-24.2727988388429
X3_36_56	-11.7920509004524	8.14794326099273	-53.6834813975454
X3_36_52	-10.63634504409	5.09480151847038	-41.311688861227
X3_33_53	-13.1004932808	-12.0873505446121	-26.5856735341377
X3_44_44	1.80220769609964	-16.8977670186713	-13.3369703059836
X3_25_43	-1.95892023416286	-15.9567714232825	-24.1659798022232
X3_54_42	-10.2657156239717	-7.47401275393673	-17.9251219031725
X3_53_57	-2.77946421708985	-21.4185406771785	-26.9865885838314
X3_40_40	-4.18186109285856	-16.1127927130257	-35.0052265473719
X3_47_41	-0.731608079956013	-15.873329501672	-13.2736031885254
X3_38_50	-11.3345396669869	-6.67192336577466	-38.1390624238213
X3_47_59	1.90229370475643	-20.0143487672558	-27.1635072235005
X3_30_38	-12.6142103545208	0.167323556218108	-25.3001331936654
X3_40_46	-13.5926283655544	-0.909476678899924	-45.739508183477
X3_32_44	-13.9584108523467	-1.870638185902	-37.4656556992736
X3_40_50	-8.33297204339348	2.81306963619964	-39.7443248645567
X3_39_53	-5.45339594523879	-20.5511358631911	-29.9652121193203
X3_38_52	-9.66962177981789	-6.29076705620612	-45.8593235665768
X3_43_43	-5.24947076199308	-19.7929652225844	-23.0337714951249
X3_40_38	-13.4573736474572	-4.82452186986037	-31.7023103962034
X3_42_56	-10.8767803075518	6.21192754858408	-50.097279679617
X3_39_49	-11.0166957664578	-6.01763279673592	-40.3670277304472
X3_55_57	-11.0206971581622	-5.38537685525337	-40.1510619659185
X3_38_56	-10.7894152078156	-8.03790637955858	-31.9842440315404
X3_33_35	-4.06788807212979	13.8796370632209	-14.5216195328454
X3_51_53	0.673581146077376	9.11611455531888	-15.8880160097614
X3_33_49	-5.84747596666982	-11.9233561420587	-22.0939187219158
X3_32_50	-11.4925288178813	8.06701405027726	-26.1125920219446
X3_41_57	-13.5466773790976	5.87170923541154	-49.6452992262295
X3_30_50	-4.77405187227966	13.8333364320468	-14.879236145593
X3_51_51	-0.352625320625873	7.92348564645288	-12.4467354477438
X3_57_55	-10.5599055473621	-2.17803013005639	-49.5913054722991
X3_53_55	2.69156646689781	-19.4161411646666	-28.3081656059296
X3_24_40	-5.72245296121169	-4.99113462209511	-26.9401998530176
X3_44_56	-10.2617401170307	9.74230226401907	-36.9297957148046
X3_41_37	-5.01259759795403	-19.5413409702539	-28.2609071616268
X3_57_53	-11.9963652287086	-10.1649691638613	-41.4625021842858
X3_24_36	-5.69535275156422	-19.9505012703579	-29.3610449481158
X3_49_57	3.09124982901162	-18.2219025299986	-18.6221482862376
X3_48_54	3.64586336545554	9.26396956542732	-10.6872377822479
X3_32_42	-0.548660498586694	-14.674926505254	-21.2171731319459
X3_31_43	-12.4584840421177	-0.527675818511242	-39.2024109660353
X3_26_36	-5.55566553269117	-5.92043398693096	-35.3607545066834
X3_57_51	-1.79125978497438	-17.6523769936027	-25.2549879265652
X3_50_46	8.575366040162	1.41829785589826	-14.6894882367633
X3_25_41	-6.30724957221695	-8.42051848253573	-31.1388963562497
X3_53_51	-3.04927632946431	13.0897043351374	-11.1671049247108
X3_50_56	2.16675968582873	-16.0938835106053	-16.113027662319
X3_38_40	-11.1522741096813	1.89158273092757	-26.0320008189709
X3_32_36	0.223022312129361	8.93132061639418	-16.3314814139385
X3_56_54	-7.19267857525719	5.86509145855904	-44.3123980575762
X3_52_56	3.65542511618882	-17.3152603196549	-15.3185208213649
X3_25_39	-12.1074676958248	-2.67603721702183	-27.1683824893388
X3_25_35	7.73432468643365	2.00659090187195	-15.0205569943876
X3_48_56	2.89142066952645	-16.6253187199432	-12.522169765201
X3_46_58	-6.18039922661985	-21.2731958601299	-23.8944806132496
X3_33_41	-12.7304850240858	-1.70373337617382	-38.5682628690883
X3_29_39	-9.83491146926751	6.35545618123499	-45.872245182993
X3_37_43	-13.416552365972	-3.79176987303397	-30.2683187139034
X3_57_49	-9.95428908624752	11.1497133598886	-53.3990267084963
X3_35_39	-14.0577161093953	5.91605246359259	-49.741019995912
X3_28_38	-8.5574951698065	9.64987069589496	-48.2407404681341
X3_54_54	-11.4185163942184	4.72075931994111	-49.9165198565407
X3_32_52	-1.19930119201416	14.5874258349593	-17.3232290041865
X3_36_44	-12.4279619730315	-11.9239050432258	-27.6768856278078
X3_27_45	-12.1336168771633	7.33864534790028	-26.7400643634493
X3_43_59	-10.1109263958583	-2.72963349195946	-48.717983176385
X3_56_50	-11.6248172139897	-11.311535744889	-27.4352474217779
X3_46_56	-1.52516659690301	-12.9553998559761	-19.7862964842185
X3_47_55	0.334585348450449	4.14797592555902	-13.855219941817
X3_31_39	-10.6589325319008	11.030047188968	-54.4024481123525
X3_28_46	-0.74079855445063	9.22274812793156	-16.61390098618
X3_34_52	-14.3241178674998	-3.08759781481047	-32.1099596646228
X3_59_55	-6.29341656017188	4.07155994115122	-43.0065477258731
X3_49_59	-4.25105578786023	-20.5885391727959	-26.7335882984481
X3_36_38	-8.0645489607074	-9.84771015088692	-23.7065899050779
X3_43_57	-11.9530581191072	-10.1163769316088	-41.4939629960523
X3_48_46	1.66397408791813	4.98568951275444	19.6205385447809
X3_43_53	6.87887716519294	-15.8147072416353	-13.0758354397316
X3_53_49	3.92316542414755	13.953402368172	-13.5016711987045
X3_48_44	7.15560333275773	-10.5085127332054	-7.70699706846126
X3_59_53	4.89525005088887	-16.7095852969875	-30.0691880082603
X3_47_57	0.993310395998913	-15.6135066015734	-15.0286873915023
X3_38_44	-2.17910074026668	9.38063662228751	-45.0601883770103
X3_57_45	-10.911196405735	-2.0176989155637	-26.4364096966137
X3_35_41	-5.94439617520247	-19.2898065942953	-23.3499330798914
X3_42_52	-0.0945417659317268	-9.57660855633247	-17.7083324245105
X3_45_55	-0.487668130003509	9.73366523260482	-12.8137370318732
X3_48_52	2.95140185869562	9.51317361798892	-11.1590807559108
X3_55_49	-1.50811879076641	11.6535042544192	-14.2405345079269
X3_50_52	10.0068320014541	14.2415714758778	-9.71459326985463
X3_39_57	-10.7480581112395	1.57498253866457	-38.3084380155669
X3_38_46	-4.12356980841757	-20.5915181908959	-32.0030399918723
X3_36_54	-11.1529703979572	-6.82453968228184	-34.8268059284102
X3_38_48	-12.057700417497	-4.15953183225335	-38.0908128073191
X3_37_45	-7.11621106206153	5.88948745095136	-45.4623237850705
X3_28_40	-9.7153159831168	8.73649301007367	-50.5073905571887
X3_33_37	-6.90352481594062	6.30549449229635	-39.5187867209042
X3_44_58	-10.8598102278391	-7.7589304256101	-43.2065844115733
X3_57_43	-2.43363894184309	8.99503184585791	-43.564365659058
X3_45_57	-11.3260932112918	-6.55762741557735	-35.0609113645631
X3_40_36	-6.3115949430715	-10.621056505841	-35.7562212685766
X3_36_40	-13.3510230605628	0.559458056553942	-39.2143176152167
X3_45_43	6.81608898531599	1.04452882126787	-14.9112437817763
X3_34_46	-12.1974453269879	-0.135720999345378	-24.9490981459839
X3_47_47	12.9479453262778	11.8898904956029	-10.3352591668312
X3_33_47	-10.9425982623868	4.157517111505	-23.2885366523385
X3_26_42	-4.03955692241861	-19.3487611416396	-33.0227938617132
X3_28_42	-10.0473609848971	-1.58254582062416	-28.9044898914429
X3_34_40	-6.14921784699323	-6.8146311271879	-25.9414144742758
X3_48_60	-3.19920284433867	-16.8439647651947	-21.899542945336
X3_41_49	-4.76885244589424	-19.0637912876418	-21.6813863166678
X3_36_48	-7.25384377177689	-5.21491495726406	-39.2978335830312
X3_49_53	0.530382942475361	9.67582710122484	-15.7999618553188
X3_52_46	0.320848907971739	9.1769766355155	-11.9175320966532
X3_41_47	3.37721398351399	-16.0954528715012	-15.0585687261741
X3_38_42	-16.1995498446757	1.97218873443627	-38.566836845111
X3_35_45	-6.74980576538913	-14.0285259533661	-20.6247022616985
X3_50_40	10.7236688477102	6.55323179896395	-12.5379200340572
X3_52_54	1.30856686732642	-18.1844808450495	-14.5498455177319
X3_39_51	-11.236487694518	-5.66596719843956	-48.2829400933813
X3_28_48	6.79089150177207	11.2649066858391	-10.913833647373
X3_44_60	-11.4224270551922	7.52370509861193	-52.3376501504249
X3_53_53	-0.244673955065633	-15.7524601522178	-28.1579619760565
X3_42_36	5.85851807955021	4.11270654697904	-31.3429214599922
X3_45_45	-1.34499639684312	-15.5575328806023	-12.9752293788925
X3_37_47	-4.12474396694488	-20.4226186452768	-32.6504656598783
X3_46_40	-14.2093734454577	1.18642891270581	-40.4255359952342
X3_44_42	-14.296834749929	-2.21602842040499	-31.678422976869
X3_25_45	-2.01296643400031	10.6864647158368	-12.1719644915961
X3_42_58	-10.849864039575	0.231995156098997	-48.164573588717
X3_30_46	-2.91454723804667	6.62375196049435	-13.3721683808176
X3_47_39	-5.30312006279866	-20.2001022256552	-30.8103504837798
X3_38_38	-4.20997257896301	-16.1001596406524	-21.6798800134165
X3_44_46	0.332582100281812	9.35631722609346	-11.6228074402793
X3_58_54	-6.81100377485117	5.45401541968263	-44.094562619305
X3_39_39	-1.3755072060936	-19.9239163964134	-26.7335338638226
X3_26_44	-3.34678141337299	-7.0454479944322	-33.705060077876
X3_56_48	-11.399542623118	4.29003954594572	-23.8035472324057
X3_49_41	6.26051341816894	-14.831617672249	-11.6556327645999
X3_44_54	-2.08964030306895	10.4206074496174	-12.0150001094133
X3_29_41	-13.1923107180966	-3.58578232695293	-29.7795519773452
X3_34_54	-3.75766904898518	-18.7441831757468	-26.1115269388259
X3_27_43	-4.03727077933922	-10.6715887022791	-23.0489087473994
X3_56_46	-7.88027808313888	7.49432867557357	-39.35565198149
X3_44_50	13.4808652436436	5.15109027479827	-11.7572556658964
X3_36_36	-12.2362544145677	-0.473241407938831	-37.7227096675151
X3_39_37	0.666108620918733	-15.9973837697061	-14.3285355625241
X3_54_44	2.62580675818185	-16.2933159596119	-15.3096624974218
X3_45_37	-0.393594412315671	-11.8350565232373	-19.3846802641508
X3_41_51	-10.8966161946116	3.22899208211761	-25.5747459988484
X3_44_48	8.88226308841304	14.8559870444467	-9.78640080936556
X3_50_42	-20.4946965192379	-13.8239109262072	21.946857957144
X3_31_45	-2.81237975305361	6.71333114997057	-13.4139757493651
X3_49_47	-7.18598327830512	-9.62084408991623	-17.7332461390062
X3_45_53	12.1136445543538	-6.58321754656473	-8.0054630643194
X3_41_45	-11.6705176899313	-3.76199045101734	-42.3487997502958
X3_37_49	-11.6063992527686	-4.24504834400063	-48.4542687920478
X3_55_47	-5.31700017699145	-7.50964400506926	-30.9389582841406
X3_32_46	-2.09112554884033	13.751856540991	-13.3639835032008
X3_46_42	-2.48480911436987	-8.07220166143786	-24.2194785287652
X3_42_46	-1.78886867779175	-10.963125230833	-19.4323883836802
X3_44_36	-10.6401876685484	-8.19389887375621	-32.7354438214836
X3_48_40	3.79315466780895	-16.776903448411	-12.7762184270803
X3_28_44	-1.23811476600642	-20.2176534480768	-26.6032005189432
X3_50_54	0.846382761542587	4.98343320327093	-13.0371380894565
X3_49_51	32.8664118652121	2.39676278709247	-8.20832384890413
X3_28_34	3.75548876320075	3.60713123271838	-30.2368144320894
X3_37_35	-10.4817641374553	12.2793425021518	-50.7724734505424
X3_40_52	-4.64488813407804	-19.7493231389859	-25.7911528409312
X3_28_36	6.98687501564919	-15.5057105053145	-12.63117652339
X3_45_49	10.6364175008992	12.1798556400492	-10.3034181026475
X3_27_41	-11.7568126100109	-1.26025999583089	-27.5515098792706
X3_52_44	-5.59285129156659	-6.55602152094944	-26.4466003509219
X3_29_47	0.42718339909222	15.0075174734875	-15.2673788053255
X3_55_45	0.566211469697733	-11.4675592260893	-18.9473206539025
X3_51_55	4.12539667237406	-17.1356844003784	-11.4921628590288
X3_34_36	-4.1228213798535	14.0154760692627	-14.9161317808252
X3_30_48	-5.42362379997039	12.0151320251721	-18.6392032105679
X3_51_47	7.40409679902531	15.7758383325018	18.8696004848088
X3_57_41	28.9318950387563	4.74529389521758	-12.2803785643054
X3_51_43	10.0737352191954	-2.14249940337519	-17.6377330933232
X3_42_48	5.90332443006102	-13.890927196865	-11.152827934685
X3_30_36	8.19669595075947	2.78063628798082	-14.9574776037836
X3_52_40	13.1335023905392	-9.60141868195164	-10.5498597934232
X3_34_44	-12.8361017362462	-3.11311681784248	-38.0320848618181
X3_53_45	-3.60859192418866	-10.9550382857875	-18.5287749400991
X3_51_41	8.28232967663994	-7.94895538926063	-7.16085473798412
X3_54_50	1.87206603528782	6.4327714260633	-14.8241054315131
X3_52_52	1.28474349598876	6.04824646537127	-15.8990525191508
X3_49_39	6.1245608566196	-13.8923041386275	-10.4118709374111
X3_52_48	0.402067557447718	11.094766084282	-9.74877220580954
X3_43_51	19.3865212298045	1.08119042345221	7.14598183346106
X3_43_49	26.4605742801225	-0.443352414696043	-0.459547897776699
X3_48_42	-11.6524703442304	-0.605382022850593	-27.0707940521132
X3_43_55	-6.10464428437228	-12.3970072730338	-20.2842453857959
X3_46_50	0.962611905854404	10.126082833903	-10.0398316566387
X3_45_51	-1.77997406225953	13.9689075598414	-12.2232887836936
X3_50_50	1.71717672880432	11.3610529621009	-9.69755453533909
X3_53_41	11.1108855244101	-10.5457405285849	-10.6026667818515
X3_55_43	2.44126681870956	1.02594865037497	-13.6223051534486
X3_51_45	-2.16074906000855	11.9582466152267	-9.86400587768704
X3_37_39	4.34827535123165	3.79788004903242	-30.4762986234347
X3_30_40	-11.3299362512548	12.5342187074387	-50.361432023414
X3_54_52	-3.15005141633599	7.44737374541181	-41.5624381958579
X3_29_35	-6.5645489270453	10.8402251606868	-18.2596855519047
X3_27_35	-4.59855560891503	-5.94209517301929	-27.3808054847511
X3_44_52	13.3707066908229	3.47007514686844	-12.0374899649801
X3_24_42	-6.11491156708862	-10.0353582714145	-36.2034808130523
X3_47_45	13.0886394468228	5.32922586757785	-14.3293206553377
X3_31_37	-14.0887104809372	-2.08848100877452	-29.4324272457952
X3_56_42	25.7611350948764	6.04280248380182	-15.4258343668124
X3_49_43	26.89973237029	-0.4983137318615	0.647268038993026
X3_43_47	2.05874870214968	2.22322930917734	-13.8309730384735
X3_47_53	1.95938223979064	9.34588579701801	-10.3017389421498
X3_42_50	0.256397958434101	-10.0760102696	-17.3210216860664
X3_53_43	7.52474472867637	4.07094791712849	-14.7492896921801
X3_31_35	-3.09299245653462	13.6835541746788	-13.8090329418902
X3_46_54	2.70441921346496	2.34170251862474	-14.3373369148709
X3_47_51	8.00895352079857	15.1466699644809	-9.82924163766401
X3_39_41	-2.78860143610815	8.41018334307917	-42.9295123093697
X3_31_47	-5.72045917785259	11.0678751312912	-20.3119584760075
X3_50_44	-9.32698510099562	-7.89831638934579	-18.6983588325435
X3_51_49	3.4709472575377	9.55646654184701	-12.78179634368
X3_52_42	-5.168584321691	-15.4149751337099	8.7551032693404
X3_43_37	-3.91080925682694	-17.4771670101935	-33.5456124839856
X3_24_44	3.54991218424063	3.57655879522014	-30.1731952938825
X3_27_47	-1.6161878701813	14.8665643180829	-12.5619300760272
X3_30_42	27.9197054647179	2.81439478085216	-16.0716395677419
X3_54_48	0.404825230065066	11.584799571256	-9.48432894559671
X3_55_41	13.7869256239394	7.10693918866041	-13.0965996888658
X3_49_45	-8.41776185397602	-8.57489837467884	-18.2719192458182
X3_33_45	-3.67429669447347	-12.3321373875366	-20.5420959232601
X3_34_38	-12.4056746997249	-2.56079723163989	-27.8613104633973
X3_30_34	-18.7155686226286	14.7701033838494	47.065147573487
X3_49_49	4.65466615554985	13.7248620095773	-13.0987496797309
X3_37_51	-3.0903458230724	8.3866270687166	-46.5179709485714
X3_46_44	12.6405740828973	7.77470885056567	-12.6183727371626
X3_50_48	12.9417755157633	10.8197091939114	-9.86953301908256
X3_29_37	-2.92478777169871	-8.15782964984237	-24.8988088744132
X3_45_47	1.38170672250286	8.86321553410743	-9.39336106910687
X3_51_39	28.6258257148014	3.58292867421518	-11.5805052809014
X3_26_40	6.42802645690224	4.16278825551519	-31.4894528956633
X3_32_34	31.9536231157187	0.684031638210819	-12.5259394847845
X3_53_47	10.9398543626849	-6.71686521833499	-7.89925150314547
X3_54_40	26.1842166380208	-0.38685688171032	-1.19517811541461
X3_47_43	32.8941301653341	-0.0518098863030837	-8.65458599582599
X3_46_46	11.9432876977305	14.4440429000135	-9.20959936220076
X3_46_52	7.22515887708731	11.3525102567005	-11.2376430732257
X3_54_46	27.6068077352587	4.57704227300193	-11.8593776817416
X4_36_28	-6.53064687618614	5.15742151839246	-49.876363139237
X4_45_41	-10.3001844026763	0.873913628977749	-48.8042195162043
X4_53_51	-10.7407817576195	7.92712744534346	-37.2706781283595
X4_54_50	2.37200892933162	-17.8820393278257	-14.0309693550012
X4_65_35	14.2057992835262	6.84811917621707	-13.4042119860731
X4_45_43	-7.68860155865108	6.04308915356521	-49.7550248088827
X4_45_29	-0.443019966822116	-14.932968748286	-27.5433156234081
X4_55_43	4.11912491041532	8.61371240862534	-13.0409333790722
X4_44_26	-4.31989578447291	-5.3681623435696	-32.1533734109848
X4_34_34	-6.2084520203514	-11.623759919213	-22.2893355597974
X4_47_49	-11.2310279305675	-9.67813300663328	-37.5242456678619
X4_44_42	-9.4990135208375	5.34825516314061	-42.8014479661321
X4_55_45	9.77651157983157	-7.51924149741294	-8.20043735212121
X4_41_37	-14.7379140615946	-2.67523892924531	-32.6564180772272
X4_44_34	-2.32608924904626	-11.4086816293717	-19.9515455318957
X4_39_27	-4.25382426631464	10.6734355628933	-19.7943081349348
X4_36_38	-0.846469172191976	7.68941598848047	-12.7529139563862
X4_56_48	6.95534887703318	-16.0363125083258	-14.1503874551553
X4_49_49	-8.04827901492203	3.56334004502973	-50.0414392361783
X4_47_47	-3.19288983142586	-18.7982488488888	-26.6726660504867
X4_65_37	27.6292256988227	3.49523437454558	-16.0600030845331
X4_40_42	-11.474201786022	9.66850138577445	-31.0413759373905
X4_58_44	27.1344785828249	-1.97047766101681	-11.0424307204737
X4_61_35	-3.55569302873259	-11.3045296499782	-19.1389439856986
X4_45_47	-7.82455431569867	1.35097342146914	-41.624545147602
X4_32_30	5.32560838528248	-18.2460735616949	-30.0983273689601
X4_38_38	-11.5361532446355	9.43907281354066	-34.3834493933944
X4_44_46	-8.47111921574453	10.1016957971371	-49.4561817390349
X4_37_35	-12.1638866057035	7.36781355903478	-27.8609216044445
X4_49_45	-9.27481413316479	-1.99954474067777	-47.8999477182975
X4_51_39	9.52861419892102	10.6375835546437	-11.7575830894887
X4_50_26	-14.5133981618213	-2.74309371954479	-32.324893445919
X4_35_27	-13.1450460667096	11.5137234124994	-51.0255511140316
X4_47_31	4.60519109867296	-15.0969822484036	-27.8992763987669
X4_59_47	25.5021132488328	-2.20847591306959	-12.0014360200105
X4_50_46	-11.151654035362	5.10809320669133	-44.2511265511891
X4_36_40	-11.7633988762348	10.4264125570833	-31.4500174981405
X4_36_30	-6.68570150041885	5.4410862086119	-46.7404468313259
X4_50_28	-9.93395786850385	-3.43507265311105	-46.6185038251791
X4_52_38	7.88747848668552	15.2171713636791	-10.1227214590119
X4_50_36	3.13270570889221	-19.1232566184885	-13.1989705008939
X4_36_34	3.16366878495932	-18.1520865613241	-19.1510171290795
X4_34_32	-1.81449645002931	-15.7106649351654	-22.3953067687674
X4_40_40	-11.6723459166898	7.37671244237559	-26.6285216256525
X4_49_43	-9.78770655467729	-7.74751553423256	-18.9810053067637
X4_48_50	-3.53297929310486	-16.6316081356343	-34.3239448309206
X4_49_41	-11.6513603733002	-0.00904421960771414	-26.0359314462636
X4_43_43	-7.75093230256841	5.89208348121943	-46.750444492004
X4_41_25	-11.3927476146762	4.32546035266339	-24.5787609156521
X4_48_40	-11.3580588844151	5.98213840954821	-44.3117396641605
X4_36_32	1.07866472655938	-13.2730222706225	-25.4655380925528
X4_38_36	-1.19176406949786	15.8615457768294	-14.9305728716927
X4_49_29	-4.40638619583344	-19.697187971274	-31.6392610989735
X4_45_45	-11.2551185451218	-8.53687514360477	-35.0613685449223
X4_51_45	-7.98629214444676	-8.71095775500469	-26.6892712293837
X4_48_30	-9.67835519874322	-14.4580748523719	-29.4347789550593
X4_46_42	-5.79445938380693	-4.579654710822	-41.0859376355277
X4_55_31	-1.4001338901424	-10.333226720009	-18.4597435404738
X4_47_41	-10.6784239176108	-7.03442851160624	-40.5110038015102
X4_53_45	2.1421877471556	-18.016287999723	-18.0390218507593
X4_51_27	-4.47519649035771	3.87263043872971	-42.5900014619527
X4_58_40	12.078687243519	-10.2220054241355	-10.5607123412498
X4_46_30	-11.6490021277351	-11.8758916539378	-29.0675743512378
X4_52_48	-8.90746863507325	9.13028458645829	-47.2907437965458
X4_43_31	-1.5322681194763	-13.1688821549335	-21.8204499773091
X4_55_47	3.49009111661388	-17.512909877672	-14.3825969250978
X4_54_32	-2.91152643625416	-12.490617584048	-18.7161072273939
X4_38_28	-6.46853892657261	-8.71350406235553	-30.15188755193
X4_49_39	-10.8881635421627	-7.81077877086143	-31.155374430228
X4_61_47	28.4214966598927	0.978003096801328	-15.2671528145896
X4_55_27	-4.56872631823382	-5.96259259039738	-28.0570649546752
X4_39_39	9.55671947660854	11.0000977751824	-12.1649444037196
X4_42_28	-11.2800716583582	-7.07746570702938	-39.3996287819332
X4_50_42	1.09768856783913	-16.983624782787	-13.5554701131275
X4_35_33	-4.56111346166829	-7.47885549655285	-28.2465539102938
X4_40_32	-1.87728485278427	-16.4456056124719	-23.5932790260555
X4_49_27	0.923186360388189	-18.4336809300476	-26.2929501745178
X4_50_44	-8.02736845057769	-9.48557827929551	-24.6155829657684
X4_37_25	-11.6243684637784	-1.07282781623225	-25.6723880840305
X4_56_50	7.93454829271962	1.42183441823295	-15.1056408765168
X4_56_44	11.0285440044147	9.68584505660284	-13.281802630127
X4_41_41	-11.2298437187098	8.83930473125774	-35.8616208985664
X4_56_30	3.71454693329436	-17.3161758844332	-10.8926185413383
X4_56_32	-6.9405741966878	10.2255262910355	-19.0375180147613
X4_40_36	-3.28140979995841	12.984254138649	-18.8315445445948
X4_54_44	9.77589431962648	-8.83193305075326	-9.54773376296016
X4_53_43	-0.287559435002749	-9.90976990256672	-17.6764609954137
X4_39_35	-4.53711160845578	12.762585142599	-18.4048131798124
X4_34_36	4.26016244887114	15.5643696830494	-14.1321635744484
X4_34_26	-14.6385668256453	11.1240063642529	-49.8738233423944
X4_51_43	-4.03816479630692	10.6653940999425	-20.5818214940193
X4_52_46	-10.7996948216415	4.779184204154	-27.0971467128519
X4_52_34	-5.3398119626153	-19.1648378694901	-23.9754921062968
X4_39_33	-10.5307109634632	1.19030720418128	-49.5182626626881
X4_44_44	-10.0282712205565	4.41039805053605	-40.7672324693797
X4_46_28	1.86946180998889	-17.9580258380558	-18.2141840513084
X4_57_31	5.7521293894354	-14.4990256500669	-10.2095918810141
X4_42_30	-6.52189907006795	-4.74160038065084	-35.194032295207
X4_35_31	-1.42524313930866	-12.364245883732	-21.0828475803718
X4_41_31	-11.8851706936625	2.18871509831589	-47.6415081001105
X4_49_35	-12.7530020528249	5.62850827167028	-50.1093690103266
X4_33_29	3.96391235073785	-16.5836720507043	-34.0287570174036
X4_51_37	5.19378046332993	-14.9360537943076	-11.3437630502818
X4_53_49	-1.23945346961682	-17.1237298643909	-24.0072979800382
X4_36_26	-11.9637936909128	4.22739326216539	-22.8670582912669
X4_37_37	-0.634683802939122	15.5231638902856	-15.0257073627852
X4_60_30	9.32978834136801	-11.0279075347922	-11.4814182212496
X4_56_28	-12.4639208537805	-11.632860189516	-29.1278518395078
X4_47_35	-11.6836945095896	-3.73919497561139	-48.2414827115602
X4_37_31	-2.81736550738199	-21.5610617397418	-27.1305938477964
X4_57_39	9.49896583013275	-9.16085791649097	-9.53203922994721
X4_43_27	-10.1625358300449	-1.63197541830017	-29.1237179609744
X4_38_26	-5.37622251507141	-14.685192487415	-21.8980523729338
X4_59_49	31.4064675746435	-1.73454316406824	-13.127977863229
X4_55_51	-10.2101544621835	-2.48524537382503	-26.3810175685417
X4_38_40	-11.2414931731428	7.17239987681412	-30.6472332249721
X4_33_33	-5.92368556272022	-8.50128427690886	-30.1580355473563
X4_62_46	29.0148402914451	3.48403158356533	-15.1140163035441
X4_47_29	-5.411177006034	-5.64084206478184	-34.2206188047469
X4_63_35	24.3286216034438	-1.92422040859889	-11.6255808627443
X4_44_30	-3.82228560084641	-7.27709950105483	-34.5341343607686
X4_38_34	-1.86130811047351	-17.2268952622899	-25.177732086381
X4_50_38	3.37404691872736	2.16870433339652	-14.9612204489497
X4_56_38	33.0935183860605	-0.422739926812897	-8.65409272537582
X4_43_35	-10.8147636944329	3.72694445539595	-26.6373543506329
X4_37_27	-5.54736763133708	-8.3853994328645	-28.4450821750527
X4_44_28	-10.076716446748	-7.14618270328983	-41.6173773791254
X4_40_38	-10.5961574280536	8.59594368934374	-31.3229352277993
X4_53_39	12.0471122839411	6.36054601032582	-13.8036617787865
X4_35_25	-9.48244861127815	7.97586524263383	-37.9453104711907
X4_52_44	-9.60636157995806	4.561423350367	-22.540817196061
X4_59_35	-10.8138217773927	7.07599356306682	-30.1257036859238
X4_59_39	33.0120096247383	-0.125347515214694	-7.29641702510767
X4_37_41	-8.16974173122591	3.86420695266625	-40.6510562806102
X4_64_48	27.1468128922408	5.32280771333479	-8.92599692370236
X4_60_32	9.22363214491901	-12.0333807705236	-9.3834304046043
X4_46_34	-10.4700421398007	6.39583101469965	-48.9252692417635
X4_58_30	7.30620895048675	-15.0494997922842	-9.969044594036
X4_64_34	12.9675797913799	2.37675443230119	-12.6401767571069
X4_41_27	-6.0648353461831	-3.79862759314303	-33.4545755651007
X4_42_42	-10.8573772429594	4.4707323227808	-26.5930595809071
X4_57_33	-5.91038976140658	13.7284081300248	-16.3887398730687
X4_39_31	-3.92894464031737	-6.08718913904688	-31.9040680973578
X4_58_32	9.65468959813256	-9.72202317762503	-9.66319043718376
X4_51_41	1.00754722339865	6.92975721371454	-16.2826907980847
X4_60_50	26.0995518714368	5.70638114403508	-14.8678228433085
X4_33_27	-7.50462042325093	-9.17888906795257	-26.2541116763887
X4_47_27	-1.7190288532988	-15.6230970456792	-21.8773538036758
X4_45_25	-4.17333011872136	-4.9194494840512	-31.393754194719
X4_36_36	1.84620527038878	14.7131354332015	-14.7056723592418
X4_39_37	-2.0210798740656	12.3588384222557	-14.3283493882713
X4_41_35	-12.0463978901899	4.39866734648772	-25.0526981206938
X4_60_34	-5.45235980133636	11.0266533730006	-19.9195114277894
X4_32_34	-3.89349162173255	16.3179563578491	-22.7559900963014
X4_46_26	-9.73824890714623	-7.68806072736157	-18.6533898822022
X4_57_49	9.71524151933094	3.03157136941409	-16.5746565841444
X4_33_31	4.96362379982041	-15.1739432126793	-26.5679236558185
X4_38_30	-10.3886003154313	1.94586479514242	-37.7871523537175
X4_64_38	15.4679534272232	6.08855457305918	-12.9631914949359
X4_56_40	8.96657843687201	12.4875801178838	-10.217173226962
X4_52_42	0.61118993955088	8.2976507599798	-16.4419749895979
X4_52_50	-10.5350435198082	-4.64000855947051	-43.2129789427809
X4_48_44	-6.56398580776716	-9.98067240469428	-37.4800076333461
X4_58_50	26.8114405587237	-0.633903238718548	-15.1233539614121
X4_40_34	-9.62928409644656	7.52946231288757	-31.8921257405869
X4_35_37	5.04577863004324	14.4181820429455	-13.2666821785353
X4_57_43	23.6270796890228	-2.65948020449702	-11.6179554611721
X4_37_33	1.25522409124778	-18.7518290926853	-26.8399481574558
X4_50_40	-3.20428759671952	-10.3794931679671	-22.5381708487427
X4_53_37	6.59134180785807	13.1412148975425	-12.442150889906
X4_62_34	7.77719575629385	-14.548525171605	-12.2284194134128
X4_48_48	10.2272606689239	-2.56527899284974	-17.8839265058486
X4_37_39	11.9609605065843	6.31549744524195	-14.1842039844614
X4_48_42	-1.09059217640582	-18.1673453018106	-27.4220080965034
X4_53_27	-11.2579838766326	-11.0487696684158	-27.9912589742071
X4_64_44	29.879293697781	1.46270233090183	-13.9624487983853
X4_46_36	3.29606577537766	-19.3863662522471	-29.2616308475033
X4_45_33	-7.45708399244782	-9.04926618957899	-26.6675259742922
X4_60_46	24.2009685709579	-1.42599418703615	-11.9211981072904
X4_53_35	6.8250591337917	-12.6744046043548	-9.50220755607746
X4_52_40	6.56898120992322	14.2419507266743	-12.6556244388885
X4_53_47	5.09699733375583	-14.7085271718316	-25.9433565571953
X4_63_43	28.9928482092238	0.681168283629293	-13.7897005786334
X4_61_33	6.58005936133143	-14.2082045859472	-9.8134004751151
X4_62_32	13.6135224502972	-6.7902159046655	-9.71665675393665
X4_39_25	-6.19055395613419	10.6229201223403	-16.8262975839047
X4_54_38	12.3398824409735	12.2174205509949	-10.2885228331345
X4_59_31	10.1856172198068	-11.1519394553554	-9.89769356835804
X4_61_31	7.547940664548	-9.46199167703187	-6.86842553813756
X4_53_31	-9.64825346493692	-6.68895945233941	-48.198136252151
X4_46_44	-9.13081882155692	2.15309970706396	-51.7411027888348
X4_56_34	9.76776540130156	-7.69960620820772	-9.75684629606027
X4_64_46	26.4256169703108	5.75611637801888	-15.6717983222793
X4_61_45	32.9574168356917	-0.792887370927788	-10.7638649864735
X4_48_26	-6.13742523411003	-5.03111352821821	-35.0087872140817
X4_40_30	-7.07279876239378	-9.1929756195251	-27.6153045044608
X4_61_37	25.6976332896063	-0.155277122658195	-1.7648205466143
X4_57_29	3.25840582947054	-18.0459260315755	-13.9666303152943
X4_38_42	-11.7589994462209	7.01323684550405	-31.0205750761773
X4_62_36	8.8061499150293	-11.5638148677122	-11.7625307444501
X4_39_29	-6.68808016640426	10.2996294006547	-19.4375754488062
X4_55_33	6.32913258464901	12.4800714760687	-12.2958445509458
X4_33_35	0.124568727608417	15.3957718543692	-14.6576867994113
X4_41_39	-11.0536142085146	-12.4677411760594	-29.5077749072789
X4_48_28	-11.2866772071083	-2.55410535237335	-38.7414765033089
X4_57_35	14.3014032609508	7.15144495462844	-14.0074093684455
X4_55_37	12.0330412008323	10.7192703373727	-10.2057107699097
X4_55_41	12.4288504018845	15.0435302592765	-9.56442666592267
X4_59_33	12.5836436982669	1.79604395367062	-12.8905313631298
X4_58_34	-3.62493739110832	13.5536391230261	-11.9894236779291
X4_35_35	0.493082216878606	14.0023596140429	-15.7414637809523
X4_60_48	28.1390120811047	1.32534682918948	-13.9495803418296
X4_65_45	26.3918396324533	5.11681340304536	-12.2142976302867
X4_63_49	27.6521779448645	4.68463003523351	-15.6286781820709
X4_63_45	32.8996134584996	2.88692517432232	-11.9306294564386
X4_65_43	31.836213237574	2.17297553812591	-11.2715823631822
X4_42_26	-5.19799720919679	-7.01504537227599	-30.6126748857171
X4_53_33	-6.75760928352641	11.0131185327147	-18.668716284583
X4_59_37	11.7426385653095	14.7944084643884	-9.43224007449076
X4_35_39	-4.4531393406438	11.0805590144239	-18.2948240301159
X4_56_46	7.4255757053859	-9.38094680218307	-6.21562770427896
X4_58_36	12.0820473402049	11.1269782097149	-11.1149434437422
X4_34_30	5.74226015399153	-18.3290031513727	-28.9193169891975
X4_58_42	25.573059756643	-0.286355574693828	-10.9573851503552
X4_60_36	9.91609188885054	11.9223461191397	-9.90488088111513
X4_46_32	-11.6608098674342	-10.1125191374142	-35.9607026131345
X4_62_40	31.1975093914171	-1.21616237706996	-9.57662936262084
X4_55_35	7.39875837256235	14.9946716164049	-12.7515765029938
X4_56_42	11.8652908820273	-6.68983450341996	-8.35709059042262
X4_60_38	31.1408958181681	-1.23101784733944	-8.47946880225356
X4_54_34	13.6012419733701	5.20678865558475	-12.4341707801314
X4_37_29	-4.58719702993906	5.71909091602491	-48.4416928929236
X4_61_43	30.8885303340482	1.27583482654622	-11.1706864546577
X4_39_41	-2.87974377401481	12.6998296418133	-19.3945318942949
X4_57_47	24.728979792121	-1.93090627051448	-12.5944583608425
X4_54_42	9.14194091346863	15.277393956193	-11.4658307855083
X4_40_26	-3.31437613168782	7.05794201069162	-41.3247982901699
X4_63_41	29.9090816975089	3.7708572880403	-10.6972287422863
X4_62_38	30.8865064167781	-1.64937007926965	-10.5705556646966
X4_63_33	13.8375518525836	-8.94448966876861	-10.2867571758684
X4_60_44	31.6589771176668	-1.23680961786291	-12.4677835016573
X4_64_40	31.9560911492615	2.81320734603609	-11.7340341319869
X4_53_41	8.62250201439175	11.3168382212086	-11.3443244138834
X4_60_40	31.9699412747035	1.65704502191295	-11.1265066004597
X4_64_36	26.014918419615	-1.61573628582389	-11.912900064004
X4_58_46	13.5369853069214	3.79947870346769	-11.5437016569765
X4_56_36	14.0719530651937	4.20132385068135	-12.5824818345728
X4_54_36	13.313594225428	11.7812516854782	-9.99856776472174
X4_54_40	8.64781546951536	15.525486094803	-11.6856973738365
X4_47_43	4.94244647849677	-17.4705924291786	-32.5178678654984
X4_63_37	33.3249713952655	-0.297231618586302	-10.0953213125261
X4_62_42	33.5477008819833	1.19343458351446	-12.5016081547842
X4_64_32	31.759563440698	-0.746920476579441	-12.6738083793084
X4_45_35	-8.43225074403857	-6.65274416586173	-48.1242502981709
X4_61_41	31.8422136732722	1.09570857056419	-9.91228971291412
X4_57_37	33.0851336158901	2.2389724954661	-11.0914162173993
X4_60_42	32.9076998451279	-0.0953177796247612	-6.98248088781639
X4_57_45	10.114358950587	10.6630797382736	-12.0245875825645
X4_57_41	30.9666289293687	3.38085753245774	-10.1577675189024
X4_65_47	30.9818010360768	-0.814532905761829	-14.4357302930692
X4_59_45	28.0131567418337	2.25806756648025	-15.8823366353611
X4_63_39	32.3083428654202	2.01306764680734	-9.86540452112899
X4_42_36	-4.73009597010474	-5.96041352455056	-27.1703641372525
X4_51_29	-1.64209096241108	9.37801576580405	-42.5840249345014
X4_54_46	26.3977306237494	-1.04774740889157	-15.2565394929051
X4_61_39	32.3540715800408	2.68307364633534	-10.383529786551
X4_59_43	32.0204621276123	3.55852182897907	-12.3119298303915
X4_58_38	26.4535786783074	-2.19093720879816	-11.2923683168999
