V1	V2	V3
X1_29_49	4.50554785199056	-8.70967456563585	-24.2682528879659
X1_35_55	11.1330873659137	7.40026166988776	-16.560953997073
X1_29_41	5.74189195378662	17.0165803897052	-32.391388023098
X1_24_34	9.06711487584426	-6.06820945007046	-24.2362357413702
X1_32_44	9.22473020605631	-11.7368865164405	-18.1901223706323
X1_39_55	8.08566170121459	-15.5343555925252	-17.6161615361884
X1_19_27	15.5665307333763	-10.3431536762419	-12.8036306434631
X1_22_34	5.81368656866488	17.7118912320903	-32.616509714505
X1_32_40	-1.10914753322258	-6.95561348393496	-32.1657848853624
X1_31_51	5.6654602354315	4.07968325102802	-25.0793672023127
X1_32_38	4.16596419692094	15.1090342478916	-30.9455733823303
X1_33_35	1.07231116209212	-7.30444656467043	-30.4707380379534
X1_33_37	5.47077162455586	16.834561875903	-31.6867135798081
X1_30_50	7.53338413557071	12.9208445627096	-25.532785964079
X1_23_33	5.02144453102731	16.6856362846375	-31.3389597417229
X1_26_46	5.06713314257591	17.5113450356483	-33.4506702086202
X1_30_46	5.15378994108688	7.35671538040565	-27.9161333652893
X1_28_46	9.4177383043195	-5.82586679976536	-22.6202704792572
X1_35_37	5.21375841674741	15.8651910546909	-32.2754702261648
X1_32_42	6.93177637092584	13.390061344422	-28.5559689107154
X1_32_46	8.7356947089807	13.5817270916484	-26.6864553948969
X1_36_34	8.2299513539694	13.1773851618259	-27.9190185058898
X1_26_44	9.43883069978695	-4.15952522070302	-20.4409431311966
X1_31_39	6.34598663659225	15.6328520940415	-31.5502657615427
X1_47_53	-1.35101468835352	-5.45996417077448	-32.8813603931807
X1_31_41	0.844188741118826	6.05433957805404	-34.2886299779869
X1_24_32	6.82235747247815	12.6675126657449	-27.7221730383133
X1_32_52	0.965116587534355	14.3632370009462	-23.7021734498333
X1_31_43	-1.43696632369599	-12.7828257245019	-28.9848683813216
X1_27_45	6.04222166782829	15.0943497119494	-31.2711373309843
X1_34_56	5.43087998853949	17.5758788132824	-31.7714646897832
X1_30_48	7.5211335407922	6.04521796638131	-25.1961004763558
X1_25_47	9.57166821355087	13.8888947387817	-25.4155773421725
X1_36_38	10.3740459032358	-4.69929853287436	-21.8086359083522
X1_30_40	5.26424522630164	16.345612696462	-30.7717997650093
X1_20_34	3.83325870246707	8.20403901925334	-31.334342374368
X1_34_38	4.88428227891738	14.8337299175507	-30.4879189634083
X1_45_53	9.36827180600365	-5.62360895607718	-23.688471782773
X1_28_48	2.17515573960868	12.7324976643999	-20.6085334373249
X1_31_47	2.60280160195756	12.8140870237535	-22.3783450858781
X1_34_40	5.663811452686	-9.74050456425483	-23.2831011191165
X1_31_45	8.55109500760822	-4.35074003508117	-20.4141874509702
X1_46_54	1.92917155874924	0.476600172798359	-10.1489749814794
X1_34_34	4.46292532539402	6.14754377425101	-28.6716982818538
X1_34_54	5.05470954666194	-16.4770947090016	-15.7095601700338
X1_29_47	5.0454514741192	6.95879168741016	-28.6086399582436
X1_27_29	5.79621615259876	11.9540303399661	-28.7070173048671
X1_28_44	11.5198910689358	-3.74513327615632	-22.8193082866471
X1_37_35	3.95942106449639	13.784075915984	-30.9973989858797
X1_35_33	5.43943990549005	5.09730810974342	-27.7536147104397
X1_33_41	8.25739389002913	13.7693440241253	-26.3434495413193
X1_29_45	5.73352063463965	4.3117610804924	-23.8164072534383
X1_28_50	6.92170606412265	4.02741007141082	-24.208921918562
X1_38_34	6.48613155155475	-11.3895784754213	-21.5658289697681
X1_34_36	2.39460757861794	11.9989233569868	-23.9435529148195
X1_27_47	3.62873407077005	12.9137441896654	-29.4173244523589
X1_37_37	2.63448094862709	11.0388556309367	-25.2600509237899
X1_33_53	5.75066779379754	5.05362580611646	-24.6755078246072
X1_28_42	7.30235424799333	10.3964559581073	-28.090308162143
X1_30_44	3.3886940081663	1.25995733955523	-12.5418902099359
X1_33_39	3.48853549604966	8.9192848098243	-32.1437737287893
X1_44_52	7.67053541760055	-13.3535320957247	-19.2743482948731
X1_29_43	7.39354267489756	-10.6407976809642	-22.8255785727502
X1_22_28	4.3953294014242	17.1609694578894	-34.724776372392
X1_27_43	6.62945865153417	-6.85650222125409	-19.760921080092
X1_46_52	-0.359234242591167	15.7906579012184	-26.112669991368
X1_30_42	0.942184755874499	2.14818645638909	-11.176057568481
X2_40_40	-2.80636971183057	1.25638443103108	-33.4282737402799
X2_37_45	-3.04070535591183	-15.3489512244721	-27.2907387406306
X2_40_38	-2.1000784008736	1.04884245781388	-34.1026448002576
X2_33_45	2.12697390152841	2.69283744833714	-26.3166327244217
X2_38_46	-1.70013784370234	-14.2797769791076	-29.7613523938046
X2_53_53	-3.10959508190639	-4.48827451509667	-32.603532436791
X2_36_52	-0.469914881970431	6.50170717544804	-34.6714187654519
X2_38_40	2.17930881039017	9.14640026942425	-34.0636515041288
X2_53_51	-0.298761298146594	6.94635821355028	-34.4945018039844
X2_52_52	-1.13945572547773	9.20803480027297	-35.1820065293182
X2_39_55	1.13619820310279	11.390535363218	-32.6149384411512
X2_38_54	1.29067886001183	12.1895366361942	-29.9054917549164
X2_30_38	2.65219543596402	15.833902699207	-36.0354451855224
X2_42_38	-1.30692310473492	5.48768921411538	-35.1917306419296
X2_42_40	0.514457207307042	5.90547379405173	-34.6441026431347
X2_32_38	-1.70069992889154	-12.5195511450366	-28.3693419831962
X2_52_54	-2.03900751384685	-14.9155445618042	-28.4822701757698
X2_38_42	-0.12339291369623	5.12539241662037	-35.1432175170615
X2_52_50	-2.85783641520333	10.6008140650987	-33.7565149033591
X2_33_47	-3.44023303421044	-2.67547108877302	-30.1857197074911
X2_41_39	1.33522753759889	11.1500719021462	-34.042583163703
X2_33_49	0.88366105014236	13.0048804245389	-34.3855421226604
X2_33_41	0.378628529953998	-19.6071262531687	-14.3707689505231
X2_40_54	0.954969960653616	11.2371573960563	-33.1427721342708
X2_41_37	-2.71930826459226	-0.63056513751672	-32.3285364102286
X2_41_43	1.93279227842546	1.9875951453227	-11.837037606512
X2_54_54	-2.03605889457658	-5.06903066696858	-32.9089745194241
X2_38_48	-0.205358441331086	13.6606233914558	-24.2046218436128
X2_32_48	-2.31020723977611	10.6433791972219	-33.9357551996039
X2_41_35	-0.838961550815702	-3.69588508047355	-33.3947251492753
X2_35_47	0.810435386666961	1.18223070838188	-27.0054044769734
X2_34_48	-0.587679150226844	11.7039666168707	-34.5852069681753
X2_37_43	-2.66166140724302	0.548910516130709	-33.0315629997654
X2_37_41	9.9225713696567	16.6515497440111	-27.4859501417558
X2_39_39	0.139861708890353	6.08557372019204	-34.6091024682361
X2_43_37	2.25815354085037	12.7500107808548	-35.8881943465004
X2_27_39	1.66541571483461	12.0322051626495	-31.7317423550468
X2_39_43	1.36319372344561	12.3617210053892	-36.0549463540576
X2_43_39	-1.70106733217665	6.41691334693627	-36.8826072522743
X2_40_42	4.49499197097417	5.71219426797575	-28.7494492550552
X2_32_46	3.32257285615515	1.19950110414869	-21.8575481933089
X2_35_45	-2.69123665272436	-12.8145426242466	-26.9849393543054
X2_36_44	-0.622822751475175	5.94464237252529	-35.2253178043543
X2_31_41	7.15624529280367	-6.76931541592996	-19.8122129061282
X2_31_39	-2.14291041607152	10.6685632684299	-33.9991376080966
X2_36_42	10.5021125052734	17.1062760391679	-26.4477915520077
X2_45_39	6.91969170192816	-2.78096081185153	-13.0920644489796
X2_37_53	-2.74742554576784	-12.7603562820601	-26.5301751391285
X2_44_38	-1.78696443125287	7.94757155214039	-35.019439609245
X2_51_53	-2.06477742961004	-18.9045035605187	-26.9025236836052
X2_34_46	-2.60736433942102	-2.5047266483517	-28.7704043263694
X2_37_51	-0.483288001356454	-8.32446856173896	-31.2989743752824
X2_40_36	-2.02235808023179	-1.6281437302039	-28.380180299124
X2_39_41	0.992959130239531	12.3815545140488	-24.4314356636231
X2_33_33	-0.541356499281664	4.1175536033318	-35.238856177785
X2_38_44	1.86536721155899	1.95030759814309	-11.7284516089126
X3_39_47	-17.3417220789991	-0.341014500733118	30.4917754256181
X3_42_42	-10.6145290545438	31.1599668943294	17.7807968019895
X3_39_55	-24.9515850971124	-0.229830370402637	25.7622052237518
X3_40_48	-24.6259873145873	-2.55326454877103	25.9452364105225
X3_55_53	-11.816553630282	29.1965283780901	15.2897881347737
X3_42_38	-18.8679449419786	21.592685935827	24.5427248883277
X3_41_41	-10.9032476021833	30.85371736927	18.2535264874881
X3_35_55	-18.6789973291031	17.6997788531744	22.1397756861759
X3_39_45	-15.7640136202431	22.3356730682599	22.5970278061653
X3_42_44	-13.3754109983031	26.5548860873349	20.9344159509808
X3_38_54	-10.1808783951082	28.3913697663685	19.2081328431732
X3_34_48	-20.4694316961047	10.677932433806	18.8688637366575
X3_34_50	-12.6381974914012	23.3934145581872	15.5341786241149
X3_43_39	-9.30302131043872	26.3020871986292	19.7959903726985
X3_43_41	-9.61927467248935	28.3703272784267	19.207175218758
X3_40_54	-12.50247736359	23.0870841662889	20.4106272166926
X3_39_43	-16.8451042133082	27.3779147364612	12.1116464213442
X3_35_51	-10.2722055164402	26.21915288617	19.2170178159087
X3_40_42	-10.7889450490523	29.5021730601494	18.2352163478356
X3_35_43	-12.2473385438792	16.854289252219	16.6434571859171
X3_36_50	-18.3947550681727	14.9978625942094	13.6863510699684
X3_55_55	-15.7451544542663	0.620994399668814	31.9402978295293
X3_44_40	-17.7114302804389	28.9398873356773	13.0758180780484
X3_35_49	-15.7931786889915	23.7543814615002	22.0830518158002
X3_34_42	-14.9670598942536	-14.510692396844	19.0060800864143
X3_40_44	-15.9952412574219	22.2430338950789	11.283651816338
X3_33_51	-11.1411918640933	27.0513914616742	18.5175082819612
X3_33_39	-16.9370025788191	-0.631964539177743	32.3734379797658
X3_40_56	-12.4284959605838	18.751776297445	9.5465923370912
X3_45_41	-18.7135467700309	12.0915946255602	18.5025564909513
X3_48_58	-18.8148389415645	-3.95899650454198	28.4070575319653
X3_56_52	-14.4341094201267	23.7234086888433	15.1944580019979
X3_42_40	-12.7432254115077	23.7425057956475	19.8315091599443
X3_43_45	-22.6466611593639	-3.67215265962219	17.6232105406892
X3_36_42	-7.46577526417014	30.0024675023932	15.5184679235575
X3_41_39	-18.0844546946505	21.4779841664148	23.8819885044097
X3_37_37	-16.0987501758442	-1.55454338336895	23.1291880634423
X3_37_53	-19.4737709505756	19.2009614083591	19.0708466128367
X3_56_56	-17.0170196337974	1.22970416591714	32.2362095626222
X3_32_38	-21.311808215202	13.5589739703945	20.5906019908184
X3_35_35	-10.5874320261128	24.9120795778998	18.5719752574808
X3_33_43	-5.9838068602721	-5.78673816731531	10.2686426999967
X3_45_39	-9.54783450527337	30.1441123085114	17.3334901895663
X3_35_47	-22.5653625409538	-2.72684334727099	23.5636985408046
X3_41_43	-17.7790977953018	28.690541834186	11.1451214172176
X4_48_36	-18.7561758047902	17.2389049650932	21.9964427245893
X4_43_39	-9.91919148311318	29.5093008607641	16.4482654112333
X4_49_33	-14.0979092198733	28.9753001100738	19.9126026164574
X4_46_40	-19.9093573063903	18.7477235653415	17.3941737985496
X4_43_29	-17.0008710826824	26.1453716524736	16.7366211524581
X4_47_39	-20.1177731281795	18.3786442076133	18.672868917674
X4_44_38	-17.9840706652502	15.0209448799335	20.2388644591776
X4_49_31	-15.3632621593606	23.361558348584	22.7155742515531
X4_43_45	-15.315683652905	16.1562838719149	18.2475784888802
X4_48_32	-14.6002952359171	28.2753656343731	18.6993914157891
X4_44_32	-14.2056304267855	21.4459742868116	11.1597774853027
X4_45_31	-18.4487429001258	11.170165892828	16.192596295843
X4_42_38	-17.3635934987185	26.0481266646695	16.3290836604142
X4_51_31	-15.4983747893972	29.5647554179298	16.9221995932129
X4_46_38	-15.4906656221363	17.8946025025267	20.5701334459863
X4_41_29	-17.5665615549888	28.6985835513756	12.1760894897115
X4_45_37	-20.769803449896	2.69295986176427	26.3479631100258
X4_55_29	-14.8087609888886	17.3664244858989	15.2461431109765
X4_52_32	-9.32293588975827	32.8424049325406	16.5552857005941
X4_48_38	-18.0892004164883	-2.12333647029927	29.6066041989544
X4_41_33	-16.069968497243	-11.3253998186237	16.971214377861
X4_43_41	-11.327803106557	29.7383876033912	15.6442051114885
X4_50_50	-14.1445099100006	28.1692397706192	19.4620720502474
X4_50_34	-19.9321524728748	10.2636689928154	22.8771100136887
X4_46_46	-21.6694728989407	10.8702679127936	11.9438932568863
X4_54_48	-14.5464913825422	-3.12297696155603	26.8385471641345
X4_43_25	-20.6906047715012	18.2301915461369	18.6679401076144
X4_51_49	-17.04958226182	1.01344150775077	32.1853874387649
X4_50_32	-21.4433210143134	18.013933200167	19.0548437004547
X4_47_45	-21.9756757546264	5.40764379582179	26.5182986152078
X4_42_40	-13.0482735860463	16.4125021577363	16.6386127232296
X4_50_30	-19.4033256316416	17.9755307396118	18.9122261084681
X4_51_51	-17.6361886225725	1.11085051355599	31.212297868252
X4_43_37	-23.127625708109	1.9731172041881	26.6443889053191
X4_43_33	-12.6074236716873	11.5172378750139	10.2850490521065
X4_54_28	-15.5491508382962	8.76727453983048	18.3185071655582
X4_49_47	-10.5920066969753	29.8740631883938	17.0874037164453
X4_51_33	-22.7296337672145	6.72959686505507	17.4150807812025
X4_47_37	-17.3409836309745	-0.292618367834776	30.7914851546793
X4_48_46	-13.0649480232426	25.3777379911559	15.9854747276394
X4_42_44	-17.9013888773429	0.173568000442738	30.6806669993925
X4_51_47	-9.30775924139368	29.9433395192566	19.0445138416609
X4_55_49	-14.7302870307097	-4.90237238490913	28.7135228219487
X4_50_48	-15.5733744022904	30.0636898666591	16.2784006597198
X4_44_36	-19.3018592501061	18.0678521179506	18.8642749778018
X4_42_32	-22.8326254509695	5.05658589511306	18.5511577737163
X4_51_35	-16.2277773586245	14.2672609180489	18.5690874938099
X4_52_28	-6.50777345328859	28.927617888297	15.1757639844396
X4_49_37	-17.0580578807825	-5.80600372523259	20.1290418501899
X4_40_28	-17.0480926790685	26.8507036496955	16.5861343725654
X4_53_29	-7.5948867842079	30.1798673349148	14.8072891294209
X4_47_33	-13.0995243454465	22.3177878513738	14.9498659966578
X4_45_39	-13.68738645381	22.4558480871829	14.1560828261163
X4_48_34	-15.8600437002593	28.7973610052516	17.1045181050542
X4_54_30	-9.59209097290428	32.7068395380721	15.8323329052252
X4_62_48	11.5305218894322	-18.4550684408873	19.018908360582
X4_44_40	-17.8593637289841	26.3097676964837	10.7278444825015
X4_63_47	14.342941305322	-18.3924571454219	18.7746934413701
X4_52_30	14.6842245806662	-14.210504768419	19.5055596978721
X4_41_43	-6.16047818141715	-7.87874784419415	23.7568505971957
X1_48_54	4.63880493428482	11.7815343149798	-28.5598605931485
X1_32_50	6.12792883126755	-8.97873607370769	-22.7739514827336
X1_19_37	5.58771338946498	-10.4478322622724	-23.2138391011282
X1_44_56	3.96538919747322	-10.2128144028983	-24.7300244569188
X1_22_48	23.6684052416053	3.00343509431545	-0.632368217561935
X1_29_35	10.1451413829789	12.7051128049739	-24.4085319833368
X1_36_40	16.3644269278107	4.56614455999325	-8.38690618724472
X1_38_56	5.20595407969926	-20.0746680717262	-13.4317898295076
X1_19_47	18.3498327845397	9.00150693832205	-4.78636431161191
X1_29_33	-2.36618457875307	-11.1239040338605	-18.264537698502
X1_45_57	2.89371273903019	11.1370768611398	-32.4905592929628
X1_25_35	17.2453146770902	1.3377197407198	-12.3422969104831
X1_48_40	24.7832340159374	-12.0307793801211	0.98197238754893
X1_36_36	6.15749211100962	14.4380032441129	-30.9133853822182
X1_21_47	19.6267642588593	7.90020784940845	-5.09057184892028
X1_42_40	20.0130606445298	1.11878682459894	-5.82072571126193
X1_30_52	4.99240769823223	-6.44621215857196	-18.4367377687107
X1_30_34	17.3287334027007	3.201563125785	-10.7515648317218
X1_25_31	10.0391003281696	-19.2764213653688	-9.64330568356733
X1_26_50	6.20065984842462	-19.4313426626216	-12.9569596762791
X1_32_56	5.9586141363401	4.01774676179312	-24.4354319007386
X1_31_37	17.3361242948656	3.63885993085956	-11.9946365250755
X1_24_30	16.2626512030827	-4.66270417030417	-5.80224821928753
X1_32_36	9.48342471422866	-4.01649899493911	-20.1814635760232
X1_36_58	5.54439653496688	5.96949760944361	-27.0249709046987
X1_22_30	21.1616415037786	5.12455939991104	-2.51715859686431
X1_27_51	6.24945294816864	-19.8445091720589	-12.7844722777136
X1_24_44	12.3934109572869	-5.78629493428434	-7.31235296876956
X1_16_36	-0.546215673029682	-11.3488984831663	-30.0025628609011
X1_42_56	3.9728451961243	-20.8990417646068	-13.3574988705812
X1_20_32	6.33452286946673	6.41230485617317	-27.0843044268724
X1_28_52	6.28291363155106	-12.7310018902585	-21.2048408486941
X1_33_57	6.95715150990562	-15.5141554667831	-14.9776190104042
X1_43_53	8.37974700213153	-10.5993618254532	-21.2719293456503
X1_46_50	4.65995838499524	17.3184608752699	-34.1908255516513
X1_40_36	8.55287646987156	-22.7531331747991	-8.99781839577644
X1_40_34	1.89287815987875	-21.6058419996519	-12.5950036755298
X1_43_55	10.9875872185679	-18.2201844745398	-12.443910444297
X1_40_56	0.370771713892611	-17.8058460937587	-25.5738564595184
X1_43_49	27.9761683725335	-12.58034786861	8.367263279407
X1_17_37	-1.96582055828691	-9.87980352907979	-25.5967184732472
X1_41_57	6.72061765250819	-15.6087856410899	-19.3498347397921
X1_22_38	4.47362910627601	6.79028516607734	-29.6111600356016
X1_23_47	23.4690405720453	-4.27711044624335	4.42576697369643
X1_32_54	6.70032418210855	12.4319053599908	-27.389517870874
X1_47_49	4.73015591442554	18.0355772343508	-33.4904534306298
X1_37_57	5.93480059613369	-7.44872288878226	-20.0970844523196
X1_26_38	17.4180088619994	3.72338289722297	-12.1713283608909
X1_19_39	9.9605927535109	-6.92581281835762	-13.8511040818384
X1_30_32	12.808642394006	-19.3218788771705	-8.78742053825495
X1_31_31	16.4025091411885	-4.59188272517435	-8.2158893383614
X1_48_44	10.5724024489594	-4.5745309890279	-22.536868834969
X1_33_55	8.69923584068935	13.7181756513541	-28.1642029253448
X1_20_38	3.20455930893207	-16.5246246268882	-15.2707890030743
X1_22_40	9.21856946478465	15.1970426181025	-28.2326649564979
X1_43_39	2.04626249360212	-21.4791131485715	-12.9835742995758
X1_28_40	3.72967875881592	-15.6269386785354	-14.0401936466826
X1_33_45	15.2757243807553	1.87995819415441	-5.51929124849235
X1_16_38	3.23709950522686	-13.6081538431853	-13.0720438493376
X1_32_48	5.5851836927166	3.67745500198522	-23.8098216205878
X1_22_42	22.4747524539739	-0.711445336320532	-1.06487925430474
X1_25_49	4.26026821818958	-10.7709299857789	-15.3941437175232
X1_37_55	4.65998687450882	3.49413911117717	-23.1320777237696
X1_31_35	17.2245620432381	1.24445393801335	-12.4526680992989
X1_34_48	16.3037109497767	-4.5717279445233	-6.68668009891794
X1_25_45	17.8135248181961	2.57509283992902	-11.5379348848485
X1_39_57	4.81889422076218	-20.4859641793286	-13.2691356468972
X1_34_32	5.22490921394491	3.99916017233047	-23.6494726528599
X1_35_51	19.0434519758555	2.05295312445294	-5.17784792572435
X1_48_46	4.83869785678356	3.90032733254074	-26.3826431783886
X1_24_48	19.7510249716134	7.84241063981332	-5.09126988013955
X1_48_50	7.54954812560932	-6.15710892270046	-19.8081499993876
X1_19_29	17.3367859774865	4.77135251054847	-10.5368328559002
X1_36_32	7.92438313960354	-2.85383776372075	-19.7456247958552
X1_19_41	23.4479125537161	4.87274139942271	-0.306579950306646
X1_47_51	7.72362261550852	9.74924926680456	-28.2199133512893
X1_47_47	11.3494594401256	-7.21168283075793	-8.60477892381347
X1_36_52	21.233150264988	-0.183169173454861	-2.56129993907092
X1_16_30	2.20195985906491	12.743979987554	-19.1775855947646
X1_23_35	7.43003635288597	9.80402058174584	-28.039828773977
X1_30_36	12.6724420023012	-5.37578951768265	-22.5272850003999
X1_18_40	26.4277908175777	-8.75826263401606	3.12172328484029
X1_46_56	7.88079553185915	-3.17532086204197	-19.9926248733275
X1_35_39	7.6644357965339	-11.6906206440584	-21.1288865430586
X1_45_41	16.4262188344519	3.90268803953133	-9.27918978093235
X1_25_37	4.69614422502633	-20.4163728396625	-13.2615340162076
X1_30_54	4.01659071034571	14.2097770464997	-29.8476177336835
X1_26_42	17.9123912159481	5.93252523979736	-9.49424825983328
X1_29_39	11.4898488488452	6.3606025971082	-12.9459368168235
X1_40_52	8.782752118351	-19.9499742825632	-6.78317586668389
X1_39_53	9.02541918893067	-19.4278374590321	-8.17928614319453
X1_19_43	20.4420566094516	6.51733982583277	-3.20699546424563
X1_23_31	19.4144133512641	7.10412366548303	-8.6922584371597
X1_49_53	6.4413176509615	6.31670137905241	-26.807220690324
X1_19_45	20.6716842862131	6.54604210644443	-4.33103706774086
X1_35_47	26.2648291516394	-8.60002558824936	3.77677961376684
X1_39_45	11.8653655436777	-19.0302839973269	-4.72160705254401
X1_23_41	21.2254862079355	0.572386152650516	-5.42716897259483
X1_29_31	12.1702399942245	6.84008494992746	-14.2811940871949
X1_18_32	7.55169340157222	6.13721023082438	-25.2251019231193
X1_43_57	2.19981266660649	11.2387525880901	-24.7141241597148
X1_47_55	7.55981756111468	-4.1244891118995	-16.6198718846065
X1_20_46	20.5270266796471	6.50325806368122	-5.02948131981496
X1_35_49	27.1499578634648	-3.32802061816458	2.81251400421037
X1_35_31	8.74808862611532	13.7452891425748	-27.3170018962088
X1_31_49	6.95425808539409	-14.2145051474969	-19.1099194076446
X1_24_36	9.68514081519131	13.3170282187689	-25.3248245232424
X1_17_35	7.93948817193429	-10.5229539381852	-21.774145058547
X1_37_33	11.4008059387475	-8.34579786296822	-9.06947788300124
X1_25_29	20.8479736022821	6.75615225966503	-3.40159064170867
X1_16_42	21.8153338696315	-13.6330337014461	7.08449404273861
X1_34_50	12.9340324795888	-19.2908133667247	-10.1595702298889
X1_27_37	4.78067465234301	-5.19672127376507	-18.7653122500943
X1_34_52	11.3224146124001	-18.6667762130607	-11.7936801666545
X1_30_30	2.75761788415997	13.9038895300233	-23.880021791644
X1_49_41	4.52309495954607	0.368127190900621	-12.4643751642479
X1_19_31	7.15236672394229	11.3235982870175	-28.0150684827317
X1_40_50	10.3099618839129	-19.6056796462047	-5.15148396829477
X1_23_49	18.3453814212573	6.98664154168772	-6.10138685212924
X1_44_54	6.651953753771	-12.3914962819344	-20.9077292149007
X1_47_41	4.6253244436666	-16.5273831572098	-15.3180525258339
X1_37_47	14.4690779213182	-18.6168937309723	-2.53707026107116
X1_31_55	-0.175720221555672	-9.48854229668343	-30.513954058632
X1_45_51	3.80723380306044	2.73101323320042	-22.6170085550514
X1_42_52	10.7927005787607	-19.4253975424395	-10.8243756977878
X1_21_43	22.2891279676446	5.34458683256065	-1.88741005737241
X1_28_38	18.5192591820955	8.72076498866778	-0.397829899459683
X1_37_39	21.8529576474385	-16.2423848156468	7.89561802274069
X1_20_42	22.6444793031705	4.88289526267693	-1.63429008112454
X1_29_53	4.44244915556866	5.77974686063809	-28.1950312019981
X1_23_37	7.62994641526346	-17.2312094559025	-15.1159848687682
X1_35_35	5.68552270358117	14.3436504845447	-30.5519454147186
X1_39_35	12.5612169320516	-17.8269691605838	-9.77689258390778
X1_16_28	10.703739539843	-5.44536060439445	-20.7832824615815
X1_21_39	11.039223426545	-6.68493036539636	-20.2793253620346
X1_15_39	12.9019067798779	-19.3696441700961	-6.07956352715757
X1_24_38	9.89326644639924	10.9454558312727	-22.6402843559453
X1_33_43	20.2592012229024	-14.8881315963791	9.95749973372406
X1_39_43	25.5805411932789	-4.38370635240478	1.80113414563528
X1_45_55	0.913519320011646	-17.991192340163	-25.2173672697804
X1_39_33	18.1243343033096	6.13170971663493	-9.5133667253851
X1_20_36	5.26044673792191	-6.18104933092247	-18.3669113436458
X1_26_40	21.1038435268909	-16.0749341058269	8.24341635967547
X1_16_34	2.29778519858838	10.6660850084352	-24.8503537768795
X1_33_51	6.00915267669499	-13.2798075453814	-20.9095779523979
X1_20_40	17.6049661712319	9.15640827356365	-3.00913482565891
X1_36_54	11.5660209558451	7.7962043777314	-16.7787435098387
X1_34_58	4.58312715885519	17.4262592743732	-34.094224787101
X1_26_36	11.3958816489524	6.53176395252796	-15.6467740017431
X1_27_41	17.2151852086951	3.31054790607743	-8.82365851232397
X1_50_52	15.5537418615803	-10.3992842109104	-13.2783821291596
X1_21_37	7.45964110933284	-4.14160052023761	-19.1553225741105
X1_27_31	27.4222795369191	-10.6333295413164	7.1504196139765
X1_49_49	8.05794995054998	-9.69918781535301	-21.9349038348314
X1_36_42	16.3807798418724	-4.56725018222913	-6.10011872565308
X1_33_49	9.43338937251938	-19.8606792209873	-10.3526138955109
X1_20_30	19.9951518674734	-0.886126452105844	-3.97070399064448
X1_17_33	6.72064753578437	-5.48609915775417	-20.0917139088067
X1_35_53	4.13744451940416	3.06494085185352	-22.8385845810733
X1_17_27	4.15318715086992	-16.1589870817683	-15.4675152325137
X1_33_47	12.0144405996351	-18.2553053681092	-9.67032230238271
X1_30_38	7.73223658593958	12.0997267271994	-24.2329283509447
X1_19_33	1.79301902812601	12.3322381177787	-24.261887438722
X1_48_52	5.19379224500439	4.70127604625755	-26.2712036252933
X1_40_38	11.1400711051501	-19.112349622824	-9.40182917120097
X1_37_59	4.27496811204564	-12.05776673658	-15.3811416448467
X1_26_34	7.53391664174625	8.55098176668788	-23.2835776022328
X1_29_29	10.4494206172634	16.2441967192526	-26.21532168193
X1_38_54	15.4341942741079	-6.75824590307021	-10.2663086404875
X1_49_51	0.304914563864979	15.0318557672128	-24.2466884526253
X1_36_56	6.66382983899946	-15.2189820600065	-19.6091710716672
X1_28_32	10.0939968067181	-19.7623773738735	-9.51695941688928
X1_45_49	19.2906821346552	0.821740467836216	-5.53161530610275
X1_18_30	12.906603411847	-7.18709320191247	-11.6768803344686
X1_46_46	26.2238940287524	-7.81531185289397	3.49197593173919
X1_17_39	12.0465629446246	-5.82090125272463	-6.83475391068195
X1_33_33	11.9325441411734	-6.05874404969896	-12.3187365248223
X1_43_35	26.5294064484531	-11.123876689784	4.34163094713604
X1_29_51	7.94875527268265	9.99561005345688	-28.1549547453414
X1_25_43	16.6768752000079	3.6605156257687	-9.53763530690918
X1_35_45	26.5915545316946	-4.6197275818354	-0.288956651132148
X1_28_34	7.73972294928929	10.7778947897776	-23.0662719575876
X1_27_39	18.3265574850005	1.59335908104253	-10.826650734295
X1_23_45	27.529477606974	-4.80985452661426	3.69325651083097
X1_16_40	16.9662462102228	7.93919925446264	-5.04451987535098
X1_35_41	4.32699914809071	-11.729336886467	-15.4052524665793
X1_38_36	7.44934108160166	10.2829477921927	-23.0409779117761
X1_25_39	6.95041146556109	-16.0710755309644	-14.7760653089286
X1_38_52	24.1038537487428	2.66729057700687	-0.0835928017393401
X1_18_36	-1.69485871564861	-10.7404160557922	-18.0563471191228
X1_23_39	7.15576086581487	9.68316307816575	-23.3056660167113
X1_44_34	21.9165942925162	-16.750252856791	8.30196617956722
X1_24_28	17.4606706876441	7.38012817880709	-4.80661509097838
X1_29_37	11.4468025819127	5.59846100192538	-13.8376656335239
X1_17_43	18.6617984635602	8.28121067321634	-0.608621511464297
X1_44_44	27.1061927214458	-10.3855762706994	7.16206794590819
X1_40_48	27.3162679037062	-11.0162653622208	6.34418153009875
X1_27_33	11.6090124681535	5.53547645136406	-13.8862665772195
X1_45_47	13.3794789237155	-5.33016583676944	-5.08231195837129
X1_34_44	20.7289225815196	-1.53244436340759	-2.04110487881618
X1_25_41	10.7257541372569	-5.87191645164473	-7.32711314424176
X1_21_33	2.45176222735466	12.9405706197552	-23.0143628414203
X1_20_28	10.9532062728286	7.60155976326308	-16.9929438840474
X1_31_33	7.51182622110428	-17.8583937170541	-14.4234543829675
X1_41_45	26.0145493069417	-0.0213798866165106	2.3360360801449
X1_21_35	2.23892876419226	12.1830102934612	-28.630806704926
X1_43_43	20.383892905524	-14.5097966028562	9.21468994709774
X1_43_41	17.8597516690766	-10.0334907668488	2.00180874095842
X1_37_41	12.12743783551	-19.0289429794327	-4.66312689801459
X1_19_35	6.09007708155282	-6.0411699801593	-17.979236762286
X1_41_49	13.9307938538943	-18.7660588696324	-3.34651095910336
X1_20_48	10.0664870434123	13.7637819710235	-24.5524946013622
X1_41_37	16.0232857507189	-10.6414337776773	-11.5536112327853
X1_33_31	8.79973709546696	-2.98645438704671	-17.9770865072786
X1_35_43	26.8561583349016	-2.85071277276204	1.18962311611849
X1_23_29	19.47572809332	7.2359533919923	-9.1107306633243
X1_34_42	8.32955032260853	-19.7518432268245	-10.2347678762583
X1_44_50	9.41828023782508	-19.5676659625519	-11.0542654093694
X1_24_40	23.7534653807467	-3.6226917765219	3.90708592755463
X1_45_43	26.5298252689404	-1.58421304218966	2.69747523012065
X1_31_53	23.5386159521225	-12.4420658334874	5.60547803675248
X1_17_41	20.7210837672008	-6.51129012167006	2.53532055199771
X1_41_39	19.9630849459057	-12.1293832680881	7.88942695019623
X1_42_54	7.5543927852764	-17.6437927826581	-14.5679774115166
X1_34_46	9.43497973005014	-19.0883516904592	-6.01297551198441
X1_38_46	14.2641050004091	-18.7024811861881	-2.89460317093317
X1_45_37	16.1699539530445	-10.3234727523529	-11.3470950855621
X1_48_38	26.6360516916932	-9.46882553205272	6.48347456169009
X1_39_37	10.920978955969	-19.227292861777	-9.75169283615868
X1_37_53	20.1574272477854	-1.46067712889326	-2.36440696290804
X1_26_48	11.4192756282951	6.63305145508136	-15.8319125200572
X1_44_38	17.99580861795	-10.1747296555746	1.89605860282428
X1_46_40	20.9369876719773	-6.49909272213696	2.05348140533611
X1_42_44	21.4515860068121	-15.6275351253444	7.60494449991261
X1_22_46	19.082535639117	3.76630177181141	-1.8155782469844
X1_43_37	22.4589924850925	-16.5443585106012	8.40779334649482
X1_40_46	22.9733599768323	-13.7821996986135	7.19845975384426
X1_28_30	11.4917671107703	6.17015353384182	-13.9902331876632
X1_47_45	14.3749378562436	7.78312809270092	-7.07385522464818
X1_36_44	13.1461198631515	-18.9758803786721	-4.61939295950016
X1_37_45	26.2697444974499	-0.866689834238803	2.70512869646874
X1_43_51	27.1183751202925	-4.59350216264647	0.534263670600697
X1_18_34	9.65433426334622	-5.95437562918244	-22.8595775867116
X1_41_41	8.05768961195758	-0.233026713349592	-6.720283748621
X1_22_36	3.49779329813925	-13.879872973427	-14.0189841415291
X1_36_48	23.6490863079481	-3.97496437918774	4.32701297747059
X1_23_43	20.1141467284575	-0.662164251230085	-3.57117185740784
X1_42_42	25.6533920216934	-10.0016711413315	3.54775425041
X1_39_49	25.3612511163508	0.44545742959929	1.51149096505517
X1_42_38	8.5028161585891	-22.7920452359498	-9.04512275863461
X1_40_40	11.7459912517708	-19.5928270178749	-4.51626657359364
X1_27_35	2.45669485657371	13.2542255551524	-21.3483850626779
X1_41_51	20.6594960778903	-0.537552003864395	-2.88193828597607
X1_18_44	7.87181707261188	-0.232073145419461	-7.76354045666189
X1_44_42	19.435760253469	0.797031694005521	-5.04372918327273
X1_20_44	24.1383215085522	0.984710685810802	0.261955894111942
X1_38_38	3.87502217650775	-15.8639656935229	-11.4074994575834
X1_46_42	9.10648651377637	-18.9852546527033	-6.76100176786685
X1_46_38	13.2943195152617	-20.3976055817268	-3.92380169602029
X1_36_50	19.0508432201889	5.83347436147093	-1.92708450097143
X1_47_39	14.3942995560959	-16.4476516293949	16.4075686404477
X1_18_28	11.0838669821363	-19.2726130901807	-10.9365307425187
X1_44_48	26.8312502291929	-2.73460404663137	2.5248156516147
X1_27_49	2.15899121343374	12.8026834808145	-19.6568745969622
X1_17_29	12.1445549711141	-4.91489658267678	-22.5603414011874
X1_48_42	12.9343029483867	-18.1623138845363	-10.3854093914914
X1_38_50	26.7859536468041	-4.46519546827936	0.577118527211452
X1_41_35	7.4990589135301	-22.391492060689	-7.34009325301443
X1_21_31	9.52942547521171	10.1631493947236	-22.0726119484532
X1_26_32	19.1310670355122	4.39936094734441	-2.49115163303754
X1_18_42	14.6285119034797	4.24962613220348	-4.66120047906879
X1_24_42	24.2096066192879	1.00220371509726	0.228551313298741
X1_32_30	-0.297978131411904	16.0817089381589	-24.8586203456566
X1_40_54	12.6411548991398	-20.4034169380107	-8.15531449545175
X1_38_58	20.3546842330572	-17.6506038496323	5.61430940186827
X1_42_48	22.136277134161	-15.7527441845622	6.95337632534517
X1_18_38	-0.397320517265112	-17.6958304827538	-25.2677538353583
X1_50_38	25.3048603054826	-11.7235331978949	1.99680613733967
X1_44_46	24.238040480067	2.45556604780472	0.111515992021449
X1_21_41	22.4584989900614	5.18423750235795	-1.99717632462233
X1_28_36	17.4911118153747	6.42001675631364	-10.8604000949114
X1_46_44	21.5534541219402	-18.1408146373052	7.88272877248663
X1_22_44	18.882461149912	0.300629195924801	-5.71016561607222
X1_38_40	25.8626620131257	-2.83658048089326	5.07095933134555
X1_49_39	25.6507153487876	-9.95355962173185	3.21147808547058
X1_43_45	24.5727929935193	-6.66122180636112	4.21078497788842
X1_45_45	25.3699204849501	-6.49425002751283	3.61696368225467
X1_24_46	26.6441244069888	-10.4308884280252	7.54628834772648
X1_39_51	22.3280774948439	-10.4804247093969	6.83682428594269
X1_44_36	15.4545405969365	-9.96475506745533	-11.9651300936337
X1_21_29	17.9276853435082	10.0229276069897	-1.3558803941672
X1_42_50	27.9272849346202	-5.23341896103595	5.02983652461161
X1_39_39	25.4390431607397	-6.37884749897203	3.97689736905129
X1_22_32	17.3226735041373	3.72411425080431	-11.7968561441389
X1_32_34	25.9833014001074	-11.7702655633773	2.75356773234159
X1_37_43	27.9705416951676	-4.53066129198253	5.21417597655199
X1_36_46	25.7335814892155	-4.67248894597517	1.65021832319125
X1_47_43	25.6114633924714	-11.4948480560915	2.62094602137886
X1_42_46	17.3922176200105	-9.56183355658933	2.22489718687235
X1_26_30	18.1861603503155	8.71169498493549	-1.51210282797926
X1_15_41	23.3780700154791	-10.8663824486295	5.85130293447132
X1_44_40	21.5236586493702	-16.5937035912225	7.30945551681501
X1_17_31	9.0374302400207	-19.1696717145799	16.9658321856758
X1_47_37	20.3366856694515	-12.7672734347668	7.57921200455873
X1_37_51	20.9856725299421	-13.3986666942226	7.96492083194708
X1_39_47	23.3963721190947	-5.01535443298518	4.33857754625966
X1_37_49	21.5076124708051	-18.3255156052413	7.45048916259843
X1_46_36	19.3727102540559	-17.7061840281417	10.4589497562524
X1_45_39	20.7940496330945	-13.5844370751018	6.99139379643083
X1_43_47	21.0258923858554	-13.8439200274981	5.61940683952905
X1_41_47	27.8772367941993	-12.6163004755011	8.35454788968906
X1_32_32	3.44930093727918	1.27721410040289	-12.5976437138887
X1_40_42	27.5355714506645	-10.8955583958999	7.99320626246049
X1_48_48	0.777803959569767	1.11330312551599	-10.1794427098727
X1_40_44	26.0578611035341	-2.16638646907285	4.99222929099067
X1_38_42	23.6802678863971	-11.3789555465945	5.41217194528906
X1_38_48	28.2325750848042	-4.83327238448952	5.35835236410749
X1_49_37	11.4797636778777	-18.4104427885074	17.1734074384194
X1_21_45	22.8007516953364	-17.0189274426302	8.75180113465447
X2_26_46	24.4754810485839	3.77222267368601	0.397358786632925
X2_48_58	-2.27768604527731	2.79775871161295	-34.2092227066763
X2_33_51	-3.8526245412609	-14.5582122117512	-18.0009082181399
X2_26_44	14.5645794168226	4.80819580103738	-1.51027456641133
X2_23_41	-0.975306216773028	-9.42993509222504	-30.4214150726226
X2_25_43	0.25638960949216	-19.6878198616384	-14.3743307669408
X2_35_41	8.28460313925209	4.81571963204339	-5.48234757274409
X2_50_38	9.33566878046111	-6.57523100163354	-7.55223004534801
X2_24_42	-2.10938471056816	-19.309504784248	-26.8763108663088
X2_55_53	1.35599541329103	12.123593956585	-36.5215456576434
X2_54_48	-0.333564561835057	-1.41348220402529	-21.4820197701502
X2_43_57	-2.92935094053587	1.89167403543336	-33.5841941023946
X2_51_45	14.7745471069024	4.81141150207065	-1.73022445526496
X2_41_41	1.75521414055525	8.63766922105231	-34.8189567057373
X2_27_43	-1.62703572700324	-18.0772104760397	-27.1235020037766
X2_33_53	-4.19863038253848	-11.3818055751862	-24.7866176633531
X2_42_44	3.76220145225268	-14.5476855983287	-13.9749691639401
X2_55_43	-3.50763621450121	-8.68892594167711	-26.6506988765293
X2_38_50	-2.44259949622289	-2.48458031411783	-28.2006866747575
X2_35_55	2.38714403721902	15.5420111896845	-36.1663719824145
X2_52_44	11.6125439393661	-5.8133561092584	-7.26858039488648
X2_32_42	2.26533042096015	-19.5879420811449	-13.6521668136963
X2_45_51	11.9210260710085	-4.39886836652886	-11.1426415293707
X2_37_47	-1.45448250824002	-1.80595592865202	-26.0621469082305
X2_54_50	-1.06492215812143	-1.26058856941463	-26.5333739495358
X2_51_47	16.5263482503269	5.34879757292094	-8.0387576074031
X2_46_54	-3.54874913164709	-14.5485102694514	-17.799594486388
X2_47_37	-3.72911117956702	-11.6704617194544	-18.5959825538554
X2_40_58	1.9990486659929	15.1809369431496	-36.3445901844246
X2_42_56	-3.90659513144481	-3.10158208360508	-30.0465064047664
X2_52_56	-2.58997845518962	2.35145720304531	-33.6242076431263
X2_54_40	13.486971742835	-5.46935026825252	-4.02465513001537
X2_54_52	-1.11296607469505	-12.6445528329031	-29.9056237589904
X2_46_56	-2.86440736810557	-15.1742294008204	-28.5208436709157
X2_35_49	-2.75124702337134	-1.37523013517275	-31.9291244882926
X2_33_37	4.14259261639367	12.4211601691462	-29.1197051870624
X2_36_46	7.32807334051467	-12.7119812265445	-20.0071959462971
X2_50_48	26.3833235341414	-9.5463875689693	6.4960780407333
X2_47_47	13.0731131298372	-20.3807984604321	-4.07451101923436
X2_50_42	5.70533386593415	-6.05675899332088	-17.0622594967376
X2_27_41	-3.57095959461616	-8.17468291959518	-27.3796357391807
X2_42_54	3.6564393411271	12.3899205445981	-29.0731096802655
X2_44_54	-2.50602304133382	-11.2079163845114	-18.5408962289032
X2_38_36	-1.61472074871633	-14.8688709962683	-15.1297301217747
X2_53_49	1.70781172546586	12.2060496732591	-30.8538440008638
X2_48_40	1.86969828147862	-23.1504397885947	-14.2371394534096
X2_32_36	8.13350712178067	-13.243976613407	-18.2091444187051
X2_36_38	1.15959560212629	-0.203227817673227	-21.847977468959
X2_25_35	13.6554559211909	-7.84267585859545	-11.9228883187726
X2_55_51	-0.453168727196209	-0.0887776378661654	-27.4946927100084
X2_38_52	-2.19121268706723	-0.661325663541211	-29.4641325925362
X2_51_49	18.5445624071323	0.581032664506183	-3.90856462547852
X2_30_36	-0.318576205012881	15.7500663679456	-25.8639052834256
X2_28_38	0.0174351490480868	13.3766965934915	-24.8935190485031
X2_41_47	12.641985234588	-16.8827218515415	-9.33191888070207
X2_51_51	-3.22854563682969	-15.0534125692757	-15.5089882239574
X2_45_37	-2.16029537547318	0.0745939637366072	-29.1835231188214
X2_46_38	-1.29324651308679	-1.71999726649803	-25.2710332062942
X2_27_33	-2.93607374598492	-3.94929969420746	-33.3150966805375
X2_46_42	-4.44980354856339	-11.6293057088786	-21.4529192750388
X2_47_39	-5.12301616510886	-11.7997282986136	-23.5439280135291
X2_30_50	24.3198964719398	4.10614009392329	0.405154153758943
X2_37_55	-1.91380168382048	-4.09027264869775	-33.1626470288312
X2_36_50	-0.686427542301558	-3.34089928779351	-33.4882553057144
X2_28_34	15.8550161157992	8.82217006694503	-5.42105804403294
X2_34_40	0.625504300970067	-0.689466053336378	-21.7684189461581
X2_46_40	7.46771522987351	-3.73871627676154	-17.3970647748018
X2_33_39	-2.03296299454351	-10.2427767769903	-25.5252806246598
X2_45_47	6.93698579100909	-4.6949831849558	-7.63471245149486
X2_27_37	-2.2615493433305	6.00892581774799	-35.0862803739165
X2_48_56	-3.09511008980968	-16.0677429663188	-24.5444297890409
X2_26_34	7.27376062064655	-2.7872475853378	-13.7613514751567
X2_52_42	10.7461974983248	-7.04074584239014	-8.07200870697062
X2_48_54	0.717460584249629	-20.0677727953531	-12.667955868108
X2_25_37	-1.15694015666205	-1.62530258380123	-28.4957407127783
X2_47_49	8.64335883770699	4.43018975178795	-5.10127068564422
X2_40_50	-2.18571060368849	-14.2776459503515	-16.7784290132828
X2_48_52	14.0689521797525	6.11698515157154	-6.31733150998935
X2_32_40	-4.20026372077598	-14.0503451158601	-20.8569005967883
X2_42_58	-0.331139606143585	4.6111464762069	-35.8666280510112
X2_47_45	10.4819476149986	-19.9082837142485	-4.94285447131027
X2_36_36	-2.72990283131949	-14.2338733907759	-16.6532842301832
X2_39_53	1.87414500467624	7.47185998781923	-34.8038968803065
X2_54_44	9.23687195171022	-5.83858141727276	-14.2419325237397
X2_47_57	-3.50849876524605	-13.6667972423461	-25.8011009995696
X2_36_40	15.377496396565	5.29686542777832	-8.19272422546505
X2_47_55	-1.69664692427571	-17.8326213301622	-24.8927126240513
X2_55_49	0.263937343714989	0.152429074329456	-26.9269041059743
X2_47_51	1.99285337634647	-21.5771141692488	-11.4097398156497
X2_32_50	10.5505526105684	16.7462711880822	-26.5550564690584
X2_43_35	-5.14106623680514	-14.1998836821964	-18.3155710335656
X2_39_37	-5.4873274276243	-14.1003223657835	-17.3502656723815
X2_45_57	-3.50194875277112	-2.73896150076298	-29.5962086810683
X2_50_50	20.0903180320043	-1.2345786867237	-2.23611835946021
X2_31_35	12.5514351064523	-5.3778591395296	-5.69565091441845
X2_56_52	0.0904917626773957	4.32629970993748	-35.625594082901
X2_48_38	-2.70264987702211	-15.298363558011	-14.8511919886902
X2_35_35	0.329603957521142	-1.01031494649795	-21.6114436677689
X2_23_37	-3.76686858238735	-3.91958068095752	-31.9181145545758
X2_24_40	-1.94843463579991	-18.8697499256439	-27.353023085105
X2_48_50	18.3898999814447	0.870595403361264	-4.66692295475873
X2_27_45	24.3310404820187	5.56408815114782	2.55786471558964
X2_38_34	0.786329162545469	0.278673704685303	-26.2064238854224
X2_36_54	0.892209902793346	-6.60574214864103	-30.6129490793635
X2_34_50	0.301087727392167	4.43750502912166	-35.2728123793534
X2_34_44	-2.64792777255952	-13.3645811032758	-16.3820894797815
X2_53_43	2.30158764032314	-19.5086918419399	-13.6323480148365
X2_44_56	-5.01951469288903	-13.9492548334205	-20.2558724743537
X2_30_34	11.3582462040515	-7.45157781894564	-8.99469814529716
X2_31_43	14.6517162968944	6.90503632891992	-6.14810072220886
X2_39_35	-1.48246923783743	-13.5563276631801	-29.8864556055779
X2_45_49	16.0694074029535	6.36837853811092	-3.95588292024171
X2_37_49	-1.95015281765616	6.97190917447854	-34.8439979207165
X2_25_39	-4.17384413315095	-16.3684415818901	-27.0387727745523
X2_41_51	-3.02469577235214	-11.9317010616358	-18.7831540994554
X2_24_34	1.94958044346354	-23.4768494868388	-14.2531896070232
X2_46_58	-1.18698339253968	8.82453684640822	-35.8354562002962
X2_23_45	16.6804717901917	-18.0468741192276	14.1759791553322
X2_50_54	-2.27623422720842	-18.3425431742444	-24.7885603145634
X2_42_42	4.45713424330066	-8.50296040966396	-24.319315972627
X2_42_36	0.195052335043853	-8.38634631483866	-30.514513105879
X2_49_45	20.0210820712269	5.12630153833451	-2.75199283963668
X2_51_55	-2.50286149580987	-17.735377788592	-24.421899852664
X2_41_45	9.14496996101474	-0.892587191309231	-4.44041318744422
X2_35_51	-2.48990100672732	0.325871640967324	-29.2534411475648
X2_36_48	-0.937558044912111	-3.07340470275581	-31.9228098571642
X2_38_56	-2.05452567086911	1.53711758004539	-34.1791028245087
X2_35_53	-1.8876968001863	-1.84880277991009	-27.2737226268779
X2_39_57	-4.46157485721141	-3.60216333697859	-30.6260733115526
X2_32_52	4.55722119935615	-10.0937755085133	-24.2487630783256
X2_55_41	8.58179628648944	-3.45294374329433	-18.1538904971039
X2_36_34	10.0258339771215	16.9276351246426	-27.342373907691
X2_34_36	6.1691045905367	-0.530104191177412	-8.72031551706695
X2_53_55	-2.57523552347547	-13.8200950425293	-26.7992929630259
X2_24_38	-2.15540515201379	-10.659259696452	-25.2687043718483
X2_31_37	-0.600980592570608	-3.80300000239883	-32.0398444768469
X2_30_40	9.71190521187606	-5.9952790014593	-7.81412122654177
X2_23_39	-4.69483660433286	-12.7804165769331	-24.6373334171572
X2_40_34	-1.50334928221135	8.50621292231433	-35.1536387415805
X2_34_54	-0.749651019840965	12.5937421793716	-35.6915563564669
X2_31_51	16.3207407407405	8.12483394725541	-5.58065107331144
X2_53_45	-5.38064947953579	-13.6841922333735	-16.6157239851316
X2_30_46	23.7052554253106	-0.206765630498489	1.23553720147931
X2_46_52	8.42682467208217	-6.45085560244869	-13.4256742124569
X2_46_46	23.5259471983303	-6.99347064631098	4.60963103978766
X2_31_49	16.1015552038489	10.5206539677377	-5.27396140843531
X2_45_55	-0.623768990964638	-9.23178066697741	-30.4558063220701
X2_26_38	2.49250058261356	11.6801702851828	-36.4490004800749
X2_50_56	-3.90655390088086	-10.662652287036	-23.6199070061354
X2_39_47	-2.97356806578073	-10.9863196271744	-25.6985142740387
X2_48_44	9.20874936848336	-0.731927357505837	-4.20899356159059
X2_28_40	-5.44708990592471	-11.718445105078	-23.9372694391045
X2_44_52	11.9100749893367	-6.43601808807823	-12.2084367014648
X2_46_50	17.1202923880171	0.975608980287833	-4.94049482918332
X2_27_35	1.97668108423953	-23.1787734123678	-13.8813324290491
X2_52_40	4.41517819538443	-16.5161517101693	-14.6328148445011
X2_34_34	17.1446921578839	8.48134107847749	-5.54441311451916
X2_28_48	25.5288072998555	-1.4460347884345	5.74898047746745
X2_37_35	-3.77655563064559	-12.181837177811	-20.4044157680662
X2_29_43	-0.801785553906654	-16.6185178746102	-26.4571808104638
X2_49_41	1.34495300706128	-21.3692401048805	-14.5425252275678
X2_35_39	0.311323035799697	11.2154203051866	-34.2519313949645
X2_51_43	22.7311031921441	-10.0341297619828	5.27918437605879
X2_43_55	1.22709227340081	1.8323429214246	-26.9287624272274
X2_32_34	22.0569567863128	-10.7227538501927	7.18744115231225
X2_45_45	26.1116801698409	-5.0469112424611	2.42961658432372
X2_45_41	10.6086915017291	4.3862964878654	-5.70528362716812
X2_31_47	22.8044856417759	-9.99573698864372	5.911799505698
X2_43_51	15.0752609024665	-9.75955478510167	-12.1487620840181
X2_29_41	-2.64436852260676	-14.2538057706387	-17.616546897133
X2_23_35	-4.30795046293396	-13.7300406379518	-25.4209032260836
X2_45_53	14.965701454588	-9.54179318138129	-12.027176638259
X2_27_47	14.2163574648013	-5.60513683340649	-2.29215195747932
X2_25_45	22.4994368279483	-10.1007787373543	6.77764868165604
X2_40_44	-3.84724151869522	-13.8970295980097	-20.8180236772655
X2_48_42	7.40454382394639	-4.24077116979921	-15.965569726935
X2_37_39	14.0329143330825	-4.43726110581748	-4.80242036876112
X2_35_43	1.4924844383704	-20.7787357152473	-12.5440232984996
X2_29_35	-1.94415310833347	-14.8508813057775	-14.8586571058904
X2_23_43	26.3884180554053	-8.60431515218938	6.38491650989401
X2_40_52	-5.08712248102865	-12.6916562822157	-21.1749002815313
X2_35_37	3.63339734491723	5.7346513071516	-28.6928376948489
X2_43_43	15.2916081974074	1.28657228303193	-5.23101504416583
X2_26_36	7.73656805968927	-13.5076016160499	-18.8491226985148
X2_38_38	-3.40694467700481	-12.5276051166647	-20.0020288316724
X2_33_43	10.8049355735591	4.19902408085655	-5.8479990313967
X2_26_42	9.20577660230604	-6.54517497253401	-13.1672708570679
X2_40_48	8.04606643066542	-7.21817913947453	-13.291857762331
X2_50_46	20.0163517836186	-6.29741301336599	3.38824352280229
X2_47_41	13.5113334059976	6.41072264074275	-7.59069014182272
X2_39_49	-2.41740629845983	-10.2467481148958	-25.7022974723699
X2_28_42	-2.87760574919813	-15.444726054529	-27.4456553761853
X2_52_48	14.1630722616906	-5.58038869425544	-2.88419362707011
X2_43_47	8.57338650270041	4.49489830020535	-5.13740458543654
X2_50_40	-2.56658573198839	-14.2658100109978	-16.2291879417784
X2_25_47	24.3333354931743	5.44637726648955	2.59892426149443
X2_30_48	25.0398735710615	1.12541036288728	1.1216410480138
X2_54_42	-0.623175175737105	-1.86078984302645	-21.1789827167431
X2_50_52	1.06749379622979	-21.11767450659	-14.5987463266279
X2_51_41	7.14051466041526	-14.6761829521888	-17.9621887638791
X2_49_47	9.56917193990512	-6.15495671759815	-13.93403915172
X2_49_43	2.59970938978101	-0.0477649019541721	-9.7734687090273
X2_42_52	7.32301712389201	-3.82185256417888	-15.175997279516
X2_31_33	14.888718868768	7.32611387389025	-5.95562397353136
X2_44_50	3.93576972901701	0.768554395401339	-12.4983439069987
X2_45_43	6.46405723807285	-4.4089567407205	-8.08108728266351
X2_34_38	2.83270217151599	12.4051563060552	-29.558579459346
X2_41_49	-4.07725274888326	-11.4352505608568	-18.3254411113742
X2_25_41	-3.98863049109114	-11.3910567620394	-20.8161255154966
X2_47_53	3.66833607243847	-15.965388851188	-14.4885415201521
X2_42_48	8.28702993828229	-0.498769903170603	-5.85597562575369
X2_31_45	22.47101125842	-0.916590046465429	-1.02864831718635
X2_40_46	-2.04283845479489	-14.1295818551164	-18.3552510132343
X2_43_41	5.08618087543677	-5.33922361228825	-18.9702657267676
X2_34_52	6.07924475481476	-11.0614937606827	-23.1744931593781
X2_28_46	23.7506823125069	6.29499798106603	1.91720729899972
X2_24_36	2.18220503741541	8.46230859485253	-34.5971837392308
X2_49_49	20.379810402824	-6.28150798496579	3.40192401512793
X2_33_35	17.322139609977	8.76868298894859	-3.12432294580008
X2_44_46	8.6832885062976	-5.68850880977772	-7.56483042929813
X2_42_50	6.37054821467936	-0.468464778127657	-8.52612847873791
X2_29_45	23.6584934865706	0.16651788970963	0.963064823374261
X2_28_50	17.6137004452119	9.76108208201699	-3.04969048303774
X2_44_42	8.88318894601976	-0.717513514858753	-4.82726070361703
X2_42_46	9.01988150597714	-4.26880014680174	-8.25646280867033
X2_43_45	7.69066777251478	-0.329402310956168	-7.4432964585822
X2_49_51	22.4610047414143	-6.98351122401454	3.95947100453418
X2_50_44	9.81125166916546	4.32860629645259	-5.57294905827872
X2_26_48	19.2127624769788	-11.8047698214061	9.32835876928272
X2_34_42	2.77761774562194	-13.2254446566945	-13.113167254615
X2_32_44	17.0815206638831	-9.32615594246512	1.7915341644551
X2_28_36	7.0334086833367	-2.96528588065958	-14.2278107742277
X2_28_44	15.8837396932299	3.97573383988926	-2.96385774977519
X2_30_42	-0.345148896421895	13.9037854248342	-23.5441673992376
X2_29_39	1.79687676831769	12.4041972029883	-35.3587962161194
X2_48_46	13.9921808453168	-0.940309151604412	-6.51103144082186
X2_52_38	6.41663749345452	-4.59613316518712	-8.25531182327213
X2_43_49	21.2114921775336	-13.8271329607577	5.88560494336393
X2_43_53	-4.57028025757375	-11.8150869640627	-23.7327004638571
X2_52_46	19.2417934388535	-1.28863394836759	-2.63193841862081
X2_37_37	-0.833099600433319	-16.9904269064139	-26.1250621728501
X2_56_40	8.37576083518548	-5.22938837828126	-7.91725895914894
X2_39_51	8.91577150601631	-4.57624728463938	-21.2186326525798
X2_53_47	11.9967435380989	-4.82097203359765	-11.8132301942808
X2_29_49	24.2424963298511	5.7406308818584	2.5568752627431
X2_51_39	8.62534822901911	-3.8961962671372	-19.0753617125165
X2_49_39	17.6878681151338	-11.641927004479	3.87823120546969
X2_49_37	-3.45083524234125	-10.5094596995876	-26.1372075933489
X2_24_44	27.0507394967191	-4.77764759633266	3.61429571960569
X2_46_44	17.5713467935197	-16.3135974966024	13.0230720816489
X2_54_46	2.52627861106112	-0.0854424803095909	-9.86788120021535
X2_29_51	-1.03760159762089	-14.4794784009612	12.9882311889089
X2_47_43	21.3242872488002	-17.3225993313128	8.07542344460255
X2_53_41	11.4791290591781	-8.83026316640634	-9.71831964504318
X2_29_47	23.7183659503117	6.45891421529494	2.05468931497546
X2_29_37	-0.194156937780851	13.844773953047	-23.6381800117982
X2_26_40	14.1052471328853	-19.1616197555938	-9.34921855202902
X2_53_39	19.722385779142	-12.4406880531786	8.40505813303359
X2_44_44	17.5998890326034	-9.95523499982382	2.52012865402689
X2_49_55	12.1947242260931	-19.2073507531649	16.7124383954357
X2_44_40	18.7171807788483	-17.6676576001053	11.1784852153211
X2_30_44	6.07873829917961	-18.3150118813729	16.762143357906
X3_47_49	0.210267088224359	-1.34526324481094	10.2425112059287
X3_37_55	-14.7372967847197	21.4164080769035	23.0841791582946
X3_41_59	-22.980397766108	-2.29599578758979	23.7317263062835
X3_29_45	-18.1575486099993	-4.50362897071805	14.8977053137317
X3_26_46	-6.96987904964249	4.20664037465517	8.67996600989721
X3_31_51	-5.89256582589341	-0.719844205785272	7.69772619735194
X3_46_38	-22.5900886125129	-4.1885870352973	21.718425133491
X3_48_50	2.25063826145922	-6.55535748883807	13.1691255447636
X3_32_48	-7.10170344632833	-0.578668565540238	7.06297858546948
X3_50_58	-23.3930594670846	1.82172047331127	26.0898165689042
X3_32_40	-13.8313277071776	20.9716941999534	10.4664222080684
X3_51_57	-22.8961561116917	-5.81194221137254	21.4447930977254
X3_54_56	-17.0154342457902	-1.02282549472463	30.4987339136299
X3_29_43	-18.2872223972691	-2.94172978431218	28.921780553211
X3_30_44	-15.320922357154	-4.12357304093687	29.2524462242208
X3_42_54	-24.6117004559856	-3.21993090755049	25.0344313619264
X3_36_46	-14.994329648063	21.1264655604222	23.7027545564324
X3_38_36	-16.263297626967	0.102471760985351	17.7181898736711
X3_52_58	-18.9917018076291	14.9622592725108	22.6686756401651
X3_37_41	-15.7274960782117	20.1476458376782	14.6575627777036
X3_55_51	-13.5520219982434	20.8479078718996	9.5724731125214
X3_40_58	-12.7936189995283	22.5383236986856	20.0410408322371
X3_44_38	-16.854881050578	21.0376187631686	16.2906415536099
X3_56_44	-13.4487936238531	12.4543245811123	8.92824771787975
X3_54_58	-9.54182036345278	32.5045044171401	15.5308717823095
X3_35_37	-1.37056316896484	-8.72199988627416	10.9541275009165
X3_35_53	-24.8956742613515	-4.04634558131394	22.0258884635196
X3_36_56	-9.10159970194282	30.6432099662753	19.09465519107
X3_36_52	-13.7733598994521	21.5589896771009	14.2126190297342
X3_33_53	-23.5380890766652	3.89672080223236	15.8048757970736
X3_44_44	-14.5411806238833	-12.9653142959853	17.4224548365038
X3_25_43	-19.0071293840828	-4.26008899111797	22.3620483038308
X3_54_42	-20.4567214321401	-2.92545773175235	10.3531523641176
X3_53_57	-23.002644095683	-3.01903120125183	25.9063853751665
X3_40_40	-22.1331453142946	4.76964306053374	26.7604876333095
X3_47_41	-15.8041336215706	-11.7837215217549	15.8405063164742
X3_38_50	-18.5905603845279	13.9426153774603	20.223721653402
X3_47_59	-19.1535232461457	-4.49709730642242	27.9308466554223
X3_30_38	-18.5147368232624	8.9622989207351	8.94488172852907
X3_40_46	-13.0668006206547	21.0914896897591	21.2708355864228
X3_32_44	-14.537273840804	14.1964943397262	16.9780851826606
X3_40_50	-16.2371918037971	20.1099260083023	14.7375508817698
X3_39_53	-24.8027299602965	0.0567254374389916	25.5831859148896
X3_38_52	-18.0218347803086	20.2656076972207	23.8658796898429
X3_43_43	-23.1431989341149	-4.82825546108305	21.5378666007087
X3_40_38	-21.1819461586081	11.8098915456776	15.3180946194958
X3_42_56	-11.2134888880516	27.809662186105	18.3404835336079
X3_39_49	-17.7713814772838	15.9189708687009	20.7977683240473
X3_55_57	-17.4695039491806	15.9897506650032	20.3487231618818
X3_38_56	-20.7354100465077	9.288681582602	18.2893024815518
X3_33_35	-3.64612357477823	4.72760215169691	6.05166069747002
X3_51_53	-4.46813133620448	-0.0307180488967214	10.5783301928828
X3_33_49	-18.6394920216921	-1.92645118163402	16.7176252750369
X3_32_50	-11.6192035268648	9.29098735634517	9.42086955999435
X3_41_57	-9.3903112617784	26.4343743243796	18.944124873225
X3_30_50	-4.10445389560877	5.19377402155507	5.83835192864598
X3_51_51	-3.98822584907776	-1.42585851403441	7.92465745659008
X3_57_55	-15.0951545729865	24.2911694416851	23.3281144127493
X3_53_55	-18.5844268271466	-3.54441149493805	28.6209498239952
X3_24_40	-16.1326834006931	2.4926710724436	21.8516021008697
X3_44_56	-13.1629630165253	20.0289498958717	9.027118717079
X3_41_37	-23.5991101355769	-0.943337006822637	24.3919141394072
X3_57_53	-18.4429903095116	15.0197814279548	24.0578146977499
X3_24_36	-24.6238990433393	-0.00984761789402281	24.9356079184467
X3_49_57	-15.6139986422511	-10.666511120204	21.572340405438
X3_48_54	-0.739244351644498	-2.8389304972604	8.9913706022088
X3_32_42	-17.0865419136222	-5.5055800733556	20.2523779666237
X3_31_43	-14.1692041920129	16.4488587863036	16.9319442750114
X3_26_36	-16.6537389049719	9.51714028917861	20.0843289945153
X3_57_51	-20.0239531322459	-3.94758003978286	23.6917131751589
X3_50_46	-3.02058753979165	-8.60109715783382	11.8356992245573
X3_25_41	-17.8604111171715	5.87607154645771	18.5058451353633
X3_53_51	-2.1779242510701	2.48467657087214	4.54103347554745
X3_50_56	-14.6847333474414	-10.8748372386399	19.1098253134424
X3_38_40	-16.7717943540804	8.37294744211323	10.2713259447322
X3_32_36	-4.84581729968182	0.136218127716975	10.6683634267821
X3_56_54	-15.7314095809583	25.1348459891241	14.8272574113937
X3_52_56	-13.8351562232823	-12.5357434068214	19.6726146396411
X3_25_39	-20.5621186099489	9.34396815766066	11.5585040929152
X3_25_35	-3.1554522339569	-7.96755850242836	11.2587864761606
X3_48_56	-13.4662565295724	-13.6307837244717	17.2308173762949
X3_46_58	-24.7912112936224	-4.47682786732227	22.1499049656723
X3_33_41	-14.5543164931873	15.4037276625395	17.4570529771247
X3_29_39	-12.9055508658663	25.5506869133999	15.8221874463406
X3_37_43	-21.343599357194	11.6005486008136	13.8347116319259
X3_57_49	-9.68376348852426	32.6420150477592	16.4635420830944
X3_35_39	-9.01999678670018	26.3482076690715	19.0555762550496
X3_28_38	-12.0152242278732	28.9207675966557	14.6414674394889
X3_54_54	-11.3804668658535	26.8950409513565	19.3314178995852
X3_32_52	-3.06533845870874	4.80774232849488	9.69190666480102
X3_36_44	-23.0414911168829	4.40029211499294	16.6380511806872
X3_27_45	-12.2999001325109	9.89550299253843	9.75820333617134
X3_43_59	-15.8042536030078	23.678107237786	23.0749429300128
X3_56_50	-22.18223265838	4.13237946162724	16.6580430476025
X3_46_56	-16.4361383553322	-5.45709570077302	18.2309111049282
X3_47_55	-6.6254346507383	-3.33392876218766	9.72548751453314
X3_31_39	-8.9622081647601	33.0500031377512	17.0245914324661
X3_28_46	-5.29126893957681	0.828343012326565	10.1435944407244
X3_34_52	-19.736716272664	12.4722092136086	14.589967012301
X3_59_55	-17.1614247344632	23.2545542163416	15.3089716832751
X3_49_59	-23.4395062584268	-2.69572527364431	24.5159531114383
X3_36_38	-19.5820733414208	0.346390910457269	15.982933744769
X3_43_57	-18.4402069257525	15.0654264357655	24.037536895632
X3_48_46	4.99174370568682	0.00237876253654717	-9.15163597783252
X3_43_53	-10.1257692177281	-15.1264139478933	18.5932096741948
X3_53_49	0.844937878176268	0.180770896254338	10.5423691278472
X3_48_44	-6.31282604208384	-14.7457374591141	13.5639448269546
X3_59_53	-16.418156721164	-1.03939191948533	29.4327622716276
X3_47_57	-14.9992248601532	-11.0140109230736	17.7151513080931
X3_38_44	-17.5732186518937	28.5143906286479	11.6285168153462
X3_57_45	-20.5108736767836	9.2783031206222	10.1885339613558
X3_35_41	-23.2769239968662	-4.2319037941599	21.0781263232561
X3_42_52	-13.2371011107394	-5.95487681448138	15.9701134603934
X3_45_55	-3.25600181468469	-0.467006017723463	7.2690904470825
X3_48_52	-0.828761296368043	-3.09487894178825	8.38439996719754
X3_55_49	-3.58643856801147	2.10370169433829	7.29544382822154
X3_50_52	6.13795566540993	-2.46463767266586	11.1454071852914
X3_39_57	-14.5469926761511	17.1237044040972	15.0812693154562
X3_38_46	-23.6938574932204	0.63959021835426	27.2155899925554
X3_36_54	-19.5381557010188	11.6346112891045	18.7056202278276
X3_38_48	-16.3516284571962	14.3969224276692	18.7688393444847
X3_37_45	-15.4987958430368	25.9758867654699	15.4508038302149
X3_28_40	-11.0073049417979	29.591982211257	16.6215645519677
X3_33_37	-16.6097203532479	21.689139072338	11.8690642788712
X3_44_58	-18.2710864861301	17.6401911156498	23.4795334234327
X3_57_43	-17.5250174027132	27.1117773535844	11.2307520646112
X3_45_57	-19.3947803542986	11.8684789065167	18.5832806310816
X3_40_36	-20.0055433306007	9.29308363077219	22.6178076171965
X3_36_40	-13.1945063465992	16.5887634459164	16.3594656784241
X3_45_43	-4.18903971346931	-8.18847851962193	10.801026298266
X3_34_46	-18.8445220027543	8.85945757104553	8.83073205570111
X3_47_47	6.82409460969729	-5.46701637999057	12.0342860670729
X3_33_47	-14.5515102279535	5.98807651691555	10.5314364260805
X3_26_42	-23.0461876038508	1.92618979666604	27.3569275162181
X3_28_42	-21.5105154055649	11.3735958637359	10.6942681126454
X3_34_40	-17.0546041487896	1.07968853533889	21.8092412634148
X3_48_60	-19.9961606297434	-5.67128701448769	21.0107544721074
X3_41_49	-22.2250847814627	-5.72581927792898	20.7555963260525
X3_36_48	-18.9198773935579	17.4477902098902	19.0542382151628
X3_49_53	-4.15375399862749	0.237766044694655	10.4154537144423
X3_52_46	-2.76541690243575	-1.45778063764082	7.40709340825778
X3_41_47	-13.7825501274514	-11.6013024786309	19.2312990675817
X3_38_42	-18.5290073737651	14.8425846345182	13.6525309432659
X3_35_45	-20.5708742300883	-3.82999428501782	16.8546215947712
X3_50_40	1.8003431970844	-7.1338892221673	13.3279435465732
X3_52_54	-15.6399392745281	-12.99255619594	18.5200835464483
X3_39_51	-16.4931903055423	21.7397032313099	25.0516403259912
X3_28_48	2.18175372775167	-3.28347593021718	9.44217417560579
X3_44_60	-9.81384321226763	29.6822912885939	18.7093075183217
X3_53_53	-17.929024098257	-0.366206133322786	24.428594365785
X3_42_36	-6.32845406883219	4.65525391259609	23.4102628772067
X3_45_45	-16.0103410253517	-11.6221217177948	15.2633407953281
X3_37_47	-23.5686230384279	1.07119953291837	27.5914103842698
X3_46_40	-12.0105579857301	17.5130170949259	16.678046736748
X3_44_42	-19.492048169866	12.9060702359225	13.9619556892208
X3_25_45	-3.29676692494108	0.53218171175382	5.98147606400168
X3_42_58	-14.0919055285968	24.1245324284701	21.23285706885
X3_30_46	-6.46255180835157	-0.705454746582763	7.26667680757631
X3_47_39	-24.5541033736167	0.713513236070256	25.9913788524941
X3_38_38	-20.2573415422286	-4.98396206727298	19.8781582473049
X3_44_46	-2.59925282925695	-1.49294166805141	7.20122141276429
X3_58_54	-16.0700550451406	24.8989206070655	14.9352798161938
X3_39_39	-21.1431901910698	-3.0414611691719	25.6897818034905
X3_26_44	-16.1535346698824	7.33168509719852	21.7061486179947
X3_56_48	-14.7448894874151	6.50008187745993	10.5273100159527
X3_49_41	-9.80398205897219	-14.8950763032968	17.107345574662
X3_44_54	-3.39405819881671	0.341195846030957	5.88826975319283
X3_29_41	-21.3677229730886	11.3355551398751	13.4491577835616
X3_34_54	-22.1228926034974	-3.12221850528154	23.586242761461
X3_27_43	-16.8000792972802	-1.40995721730602	17.452570211773
X3_56_46	-15.4312147458608	21.9092095393208	11.2752584067643
X3_44_50	2.8245460422962	-10.4177173420527	13.5137577590937
X3_36_36	-14.1435808492005	15.2858461480633	16.1918117177966
X3_39_37	-15.1961422124457	-11.5560931934449	17.2052400687397
X3_54_44	-14.3599704871732	-11.5459408146704	19.0085369073566
X3_45_37	-14.9277958656227	-5.60683246887246	17.9357882325988
X3_41_51	-15.6152713645277	8.15780344254456	9.85952619304475
X3_44_48	5.6082123553831	-1.50089642208299	11.0268467854769
X3_50_42	-4.28783241971094	-17.0068502476714	-27.0540308497309
X3_31_45	-6.38932393062659	-0.687371809238019	7.3235921930018
X3_49_47	-18.6677154473654	-4.58404327907043	12.8807241269319
X3_45_53	-0.653799322549654	-15.1671695519038	14.3596845959292
X3_41_45	-15.7716183527233	17.9165951758922	20.6912840669733
X3_37_49	-15.5473397404822	22.3285618418924	24.347364540177
X3_55_47	-16.8846964285496	5.62921829663544	19.0667826731689
X3_32_46	-2.30201440272099	3.28369652635344	6.5219808591241
X3_46_42	-14.9086914643417	-0.156841891682127	18.8043095883086
X3_42_46	-15.4026447683946	-4.74418453140705	16.9904821792586
X3_44_36	-20.732310202053	9.65205894413568	18.8547584432699
X3_48_40	-13.0291952102873	-14.0000680979868	17.8701119884611
X3_28_44	-21.2381603871172	-3.23164067350635	25.8477731875286
X3_50_54	-5.50837587121118	-3.48110274347014	9.15475855918136
X3_49_51	14.363644750024	-21.7789037094495	14.0613615209191
X3_28_34	-7.81547312645715	5.01099885028771	21.9415091978071
X3_37_35	-9.52850719533038	31.162061675034	14.4096275636542
X3_40_52	-23.0985335335034	-3.02235114665299	23.3459884581852
X3_28_36	-9.86479605829943	-15.1806042971381	18.2275087315439
X3_45_49	5.47562596878476	-4.27697800015595	10.9546346077819
X3_27_41	-19.7336598581504	9.90992155391025	11.0106040610663
X3_52_44	-16.7309765499027	1.46924887666461	21.6910149810124
X3_29_47	-1.29250353377303	3.52626817500204	9.37085705592325
X3_55_45	-14.0208959283453	-6.09315160445709	17.9487999974286
X3_51_55	-12.4911219729222	-14.5169243050294	16.8425138100557
X3_34_36	-3.77460992529171	4.95476241164853	6.20842155579309
X3_30_48	-7.32324965974224	5.98799881528466	8.12656748957084
X3_51_47	15.4336150294852	8.92065357061538	-5.21202832888239
X3_57_41	14.9670087767751	-17.9471494632401	17.0310451648623
X3_51_43	-5.7050628585298	-8.04026188843506	23.4238321234245
X3_42_48	-9.40740580503046	-14.4829310773721	16.3065260345667
X3_30_36	-2.37609177750492	-7.75612495806668	11.2835558728514
X3_52_40	-1.69482986737639	-16.8393039526324	17.1366301570664
X3_34_44	-15.6419900871461	14.4602382832539	18.013067676663
X3_53_45	-16.4385924432159	-4.85996748569674	15.5935082050303
X3_51_41	-3.99285135840879	-14.0788797040431	12.9386371100072
X3_54_50	-4.13630104156769	-2.3872205390633	11.8902021379024
X3_52_52	-5.43197673092743	-2.20707340881131	11.8654900449521
X3_49_39	-9.1597500121236	-14.8926008312858	15.8452212551336
X3_52_48	-0.692528071415549	-1.31324098509766	5.8568392975162
X3_43_51	16.4817560929269	-8.88493967215176	1.9958846826531
X3_43_49	16.8750797843474	-11.8173810619644	9.63252306713662
X3_48_42	-19.1891958368964	9.55578183809072	10.6385257433072
X3_43_55	-18.9984239247789	-3.47903451889818	15.9735862513147
X3_46_50	-1.13424324014071	-1.910080213232	6.5024630178549
X3_45_51	-1.49855235456334	2.88008198429094	6.04502330934651
X3_50_50	0.176338794867522	-1.8346287216015	6.54607092007907
X3_53_41	-3.78167498767051	-16.2339081536371	16.923517531039
X3_55_43	-6.88759108530867	-6.40946115060645	9.8200333974177
X3_51_45	-1.6842425812414	0.716772717066814	4.25656906127748
X3_37_39	-7.4029256569958	4.91923321414611	22.2538321954748
X3_30_40	-8.84967292333783	30.7693471837658	14.0937163445033
X3_54_52	-17.8630725913124	24.612306462059	11.4162327849438
X3_29_35	-8.59493268243245	5.76140685671902	7.42520478406347
X3_27_35	-15.8340528655895	2.68596251095328	20.6972313027889
X3_44_52	2.10807981120715	-10.8858305860033	14.5209615459004
X3_24_42	-19.6919937812133	9.72304912808916	22.6513009389901
X3_47_45	3.44274338627598	-8.92581400491363	14.454818042638
X3_31_37	-19.7847550589727	11.3386869843564	12.8415651713896
X3_56_42	14.5930104688126	-14.9194512165334	19.4370886604558
X3_49_43	17.8438024504758	-12.0309992944134	9.13490448314185
X3_43_47	-6.46144020351916	-5.36649738748061	9.76917541876537
X3_47_53	-1.2085708713457	-2.65332444290436	7.42836135804865
X3_42_50	-13.1956636691835	-6.4269174412637	16.1137531504549
X3_53_43	-1.89213790146771	-6.48222496661021	10.935647807326
X3_31_35	-3.02191639457564	3.85331958099591	6.15699346873793
X3_46_54	-6.02258085634405	-5.54523244256208	10.2416771501817
X3_47_51	5.1583307810871	-0.865610535402155	10.8664592649997
X3_39_41	-17.5451182383359	26.2916746944652	11.408169870823
X3_31_47	-8.54830793882036	6.36872945421967	9.16181715726706
X3_50_44	-19.9945391370028	-2.88984436567113	11.2856650414753
X3_51_49	-0.805264317860433	-4.24023415754546	9.67133958943544
X3_52_42	0.641806793800723	-21.6749552578073	-10.5527894149736
X3_43_37	-22.4299011788947	3.15824504044244	26.7441950129618
X3_24_44	-7.93135608922645	5.06711268173763	21.821748503846
X3_27_47	-1.0732006598103	3.48514830008453	6.39779608122153
X3_30_42	12.4612346956954	-17.2445478297542	19.9487060462156
X3_54_48	-0.327741286063445	-1.24494267691351	5.63373053564814
X3_55_41	3.66484197715284	-8.97989468163287	12.2565309008179
X3_49_45	-19.42351214987	-3.55309562171137	11.9168103639862
X3_33_45	-17.4815389398866	-4.00981304588548	17.2836800340704
X3_34_38	-20.4880759722281	9.85862649559408	11.9178848877322
X3_30_34	0.495149191694289	14.543651456542	-37.2432643878802
X3_49_49	1.00094984550751	-0.341586436585375	10.8874502396736
X3_37_51	-17.1930272856268	28.8295450259611	13.2221045913052
X3_46_44	3.51892494262157	-7.8089478779316	12.077690691264
X3_50_48	6.64239186254772	-6.24845457675111	11.6048587427471
X3_29_37	-15.270739749362	0.409173472717529	18.9578446149497
X3_45_47	-1.49610045951272	-2.88087260802381	6.54414994568697
X3_51_39	14.0696792395432	-17.7854212257155	16.2388539979531
X3_26_40	-6.02612903992329	4.53895839888487	23.7048906834795
X3_32_34	12.1516445753046	-20.9372354840922	17.6359263387932
X3_53_47	-1.46918175607649	-14.6582555755621	14.0470920818916
X3_54_40	16.2725766344548	-11.6542546530282	9.92608526071282
X3_47_43	12.397265849948	-23.1244031633569	14.3830028387904
X3_46_46	7.83053474255853	-3.07172409990066	11.6569101417639
X3_46_52	2.37086103885359	-3.38697021942655	9.81495318751923
X3_54_46	14.6263483962568	-16.8887367652717	16.5720551244601
X4_36_28	-15.1260189952985	28.7388596416546	18.1721682789349
X4_45_41	-14.1447514260623	25.059001913121	21.0316508068772
X4_53_51	-12.9196364463077	19.7701943089339	10.7809523060911
X4_54_50	-14.5952042275434	-13.3085328176259	18.4531654364323
X4_65_35	3.63884985333036	-9.33199182338622	12.2200826297139
X4_45_43	-13.9492430386975	28.6589197600905	17.7117580894421
X4_45_29	-17.3708568750447	-0.0688428351869867	23.2963469694052
X4_55_43	-1.29658675135109	-5.24739391600534	10.3547709824454
X4_44_26	-15.3609689085025	6.9292471547358	20.008228794448
X4_34_34	-18.743266699474	-1.57815244025458	16.5457814152914
X4_47_49	-21.4243642451256	13.4219398975977	21.0773895728545
X4_44_42	-14.1910689306708	23.1138247277373	14.798214514575
X4_55_45	-2.84950619697641	-14.3558961477451	14.2031534500563
X4_41_37	-19.1069060869355	12.1545777410115	14.6359631843221
X4_44_34	-16.0197490291305	-4.41603875481227	17.2285294102609
X4_39_27	-7.85311707153606	5.19576459064827	9.67612372644205
X4_36_38	-4.46360846106193	-1.18763680751605	7.95454661298487
X4_56_48	-10.2341824590636	-15.0437432470789	19.466591178799
X4_49_49	-14.5398260616051	27.6048685542602	19.653949574892
X4_47_47	-21.7571054724661	-2.87110630022923	24.1243576940698
X4_65_37	12.9872700010055	-16.9721206898206	20.0541656040453
X4_40_42	-11.9208047999909	14.2207402184631	7.87744220091724
X4_58_44	7.69556245478377	-19.0747731520487	16.591640985729
X4_61_35	-16.6833093149488	-4.6407919649981	16.0867567291578
X4_45_47	-17.0946889744653	20.6803475540036	16.6370135492325
X4_32_30	-16.8293547388054	-1.77022772893326	30.3074681071976
X4_38_38	-11.9598417335748	17.6159596265419	8.85333296497184
X4_44_46	-11.6819505159208	29.8759464096247	14.9776403618995
X4_37_35	-12.5060874980662	10.7995423606271	9.94501702087807
X4_49_45	-16.2508608473921	23.6653480231498	22.0430822584869
X4_51_39	3.39864791456521	-4.81136336251733	10.983869450147
X4_50_26	-19.4061864802722	12.49049376723	14.5257347458212
X4_35_27	-7.45476576173396	30.1401947222528	15.2462647465716
X4_47_31	-14.8164602752408	-2.00873294305475	26.8813039460821
X4_59_47	6.76047723395629	-18.0068240521674	17.1923439027135
X4_50_46	-12.8029995025032	23.4652276998878	15.6491216733257
X4_36_40	-11.4523146352673	14.7443465115976	7.61349979052679
X4_36_30	-15.684060093548	26.7033044386538	16.4439965668377
X4_50_28	-16.4127712740744	21.9962138119887	22.3765264820516
X4_52_38	4.98308195844579	-0.802333004700874	11.0197037139665
X4_50_36	-14.4434904679392	-14.6961125500321	18.7797462465232
X4_36_34	-15.671015618796	-10.402317867239	21.8138666323478
X4_34_32	-18.5835778634837	-5.02271482071519	21.0821489177241
X4_40_40	-12.266768540534	9.67429764616452	9.56875876414499
X4_49_43	-20.2692400781716	-2.69767176000716	11.1698171967588
X4_48_50	-21.8482751935043	3.96297028406304	26.9783276992104
X4_49_41	-18.819776017528	9.0283464477766	9.82061954820013
X4_43_43	-14.5523382532774	26.5079309850141	16.2700930634955
X4_41_25	-14.7442437121023	7.21463593255552	10.3318565325124
X4_48_40	-12.3755064999867	23.7681236959923	15.2516617145656
X4_36_32	-15.8669927191057	-1.55835245082796	22.8210542994328
X4_38_36	-1.33038544427561	4.62969938619137	8.28253903880227
X4_49_29	-23.5966005712868	1.15146289869922	26.5441679277865
X4_45_45	-20.8835694817082	11.6150585343574	19.5788209812954
X4_51_45	-18.5735040955775	2.74691281372362	16.9513732493823
X4_48_30	-23.2587289661052	4.01230553237778	19.9545039231524
X4_46_42	-19.3772471760388	19.5825431618951	19.220719353694
X4_55_31	-14.5929956160601	-5.2870804297713	16.2412609750205
X4_47_41	-18.2772120584017	15.7502742885805	21.5234147812831
X4_53_45	-15.9410081385203	-10.8119297899844	20.7499029040178
X4_51_27	-18.4892624486687	23.0735165585073	15.0038308004795
X4_58_40	-2.913517061386	-16.5961935487666	17.0644876500149
X4_46_30	-22.5723785354163	5.19663831005439	17.6672404485822
X4_52_48	-12.1752174968362	27.9857244345286	14.5140913628676
X4_43_31	-16.9228730869674	-4.135652265512	19.5838646931697
X4_55_47	-13.8381699197731	-13.135255496749	19.0701306429639
X4_54_32	-16.9060066128368	-5.60723003240147	16.7073513330012
X4_38_28	-18.0318771411492	5.04211174293792	18.319365905784
X4_49_39	-20.7947507300083	8.90421188476629	17.7108993266126
X4_61_47	11.0890584772339	-18.202450292932	19.4823824015011
X4_55_27	-15.8260524032474	3.2254326594443	20.4990034375954
X4_39_39	3.46644707983854	-4.91245173800277	10.6346880377951
X4_42_28	-18.5124796074175	14.8608712909495	20.9540051703475
X4_50_42	-15.0600368091824	-12.7041613341713	17.3033841701908
X4_35_33	-16.5296917288103	3.21700207073292	19.6768771407679
X4_40_32	-19.2320329845422	-4.68003357559358	22.3402663076973
X4_49_27	-18.8424164923423	-4.54227988969136	26.2750265457565
X4_50_44	-19.3848277017909	1.04993817883478	16.3098893367862
X4_37_25	-19.567891940774	9.88612854394245	9.25723006367775
X4_56_50	-3.35287738594698	-8.29666273693324	11.4400280385144
X4_56_44	3.37002651110475	-6.65662718988793	10.9016148921225
X4_41_41	-12.4041527420405	18.74211844533	9.58579646124875
X4_56_30	-12.7156702767342	-14.4945488879984	16.2623347231104
X4_56_32	-9.33544941979378	5.89050206275935	7.82404080468514
X4_40_36	-5.63851861520306	5.50216104591024	9.34151386134158
X4_54_44	-3.72133482772832	-14.774637223216	15.5233618724417
X4_53_43	-13.4353777852492	-5.99798279295086	16.0267508045141
X4_39_35	-6.26145952463107	5.86854135024907	8.36481182049579
X4_34_36	1.36918345712912	1.42000380033496	11.4202001138733
X4_34_26	-6.4727812434884	28.8206577764186	15.2160320288031
X4_51_43	-7.93992237318215	5.413613830506	10.2838847515151
X4_52_46	-14.4877504504348	9.52804009425487	9.58980396112253
X4_52_34	-22.9247069741287	-3.91539693889851	21.62878678559
X4_39_33	-13.6032609671159	25.3744382098201	21.3426149451456
X4_44_44	-14.4779195089279	21.0355140340834	14.3645372431873
X4_46_28	-16.1094410595172	-10.6322029418065	20.6964312115668
X4_57_31	-9.69088347873982	-15.0299144740226	15.681455298257
X4_42_30	-16.4276495079809	10.381060923893	19.1097785776784
X4_35_31	-16.2451497185606	-4.30763790358515	18.7751047985204
X4_41_31	-12.7188104153084	24.201548258908	19.9393510091193
X4_49_35	-9.99926205543893	26.8993511446245	19.1219573697619
X4_33_29	-17.5734966409871	1.89029833950805	31.0089855771839
X4_51_37	-10.409166647985	-14.5951088677702	16.4482350867162
X4_53_49	-19.2955126778116	-5.0034114173088	23.1186079978192
X4_36_26	-15.1319124010536	5.65976794724927	10.9661988574162
X4_37_37	-1.32708486425454	4.23950878612475	8.60864572539293
X4_60_30	-5.44000666743575	-14.9897320150307	17.1011690721445
X4_56_28	-22.8954604415215	5.59567744408741	17.2471087068678
X4_47_35	-15.2956340428649	22.3196794152103	23.9948855684875
X4_37_31	-23.0820223216693	-2.94654349251976	26.0079519971954
X4_57_39	-4.02507189040295	-14.833995823671	15.5180156736707
X4_43_27	-21.5707509211457	11.5166776904815	10.8015525779119
X4_38_26	-20.2847575190942	-3.75197685783696	18.6621896367859
X4_59_49	10.0972121908241	-21.7506329322897	18.2720692224338
X4_55_51	-20.5535193070898	8.68905277650651	10.4367542447917
X4_38_40	-13.3252457354758	13.0888700889549	9.21084752621362
X4_33_33	-17.5971156013259	5.01760792320171	18.3402028292069
X4_62_46	13.4429317132482	-18.0765712932716	19.2598029921884
X4_47_29	-16.3184931916317	8.82189007663459	19.7630400416873
X4_63_35	6.12405674005693	-17.1855734382421	16.8015014924518
X4_44_30	-16.6543334763217	7.96331356999221	21.755746210947
X4_38_34	-19.850293536743	-3.84227964895635	23.4663357012394
X4_50_38	-5.74197189779164	-5.83141669198302	10.7869151345776
X4_56_38	12.2367222749845	-23.3905764967251	14.3949771205362
X4_43_35	-15.2488506632413	9.04675461581162	9.7823691937863
X4_37_27	-17.2165426103213	3.52726778445526	18.4631505369394
X4_44_28	-18.8157330228646	16.7429680876937	21.9828807687238
X4_40_38	-13.0788977981038	14.1301304431685	8.11410276548821
X4_53_39	2.85350498177227	-8.1257030724503	13.5589890803185
X4_35_25	-13.9924204445794	20.6419577148203	10.6692707213611
X4_52_44	-13.1859801903437	5.4912449576276	9.9977130095117
X4_59_35	-13.5071197628718	12.6487110075394	8.89676309281166
X4_59_39	12.4792290105274	-23.4964946598075	13.1164756239828
X4_37_41	-16.0518317662225	21.1993323683388	14.43954624147
X4_64_48	17.5241215140358	-16.4743158119164	13.1008218489781
X4_60_32	-5.93509089746222	-16.3699103949841	15.843910982832
X4_46_34	-11.7200049550348	27.231474861598	17.5303639855388
X4_58_30	-9.15216103898774	-16.2747218687075	16.3176620069262
X4_64_34	1.39958663009977	-10.458038587603	15.3316178754525
X4_41_27	-15.5706611393135	9.27281565241418	18.3043260701607
X4_42_42	-14.6950801646383	9.13352646195573	9.6294769613442
X4_57_33	-5.238352085863	6.49320512803612	5.53681501611105
X4_39_31	-15.590881078206	6.45960524491473	20.4336181769432
X4_58_32	-4.26536387235415	-15.1834989693146	15.7469742014491
X4_51_41	-5.39218777375583	-1.41187002631734	11.6102066056782
X4_60_50	14.5259317166154	-15.3262054855646	19.0527947902838
X4_33_27	-18.8924417661306	2.25766169763204	17.3585856249273
X4_47_27	-18.4167155949827	-5.3366770055146	20.8050947711047
X4_45_25	-14.8655404220551	6.50187554168672	19.7591096975896
X4_36_36	-0.616720003046094	2.51088010609483	9.96282447413827
X4_39_37	-3.46567320261561	2.75067750866226	7.10274345311592
X4_41_35	-14.7978476017202	7.68974832630292	10.6922323860843
X4_60_34	-8.31671138732864	6.02500671920502	9.04316896173212
X4_32_34	-4.79837852993664	7.53919080252535	4.2860936601461
X4_46_26	-20.2074973780031	-2.77269634712343	11.0644376181819
X4_57_49	-1.14505047144659	-8.93743241890919	11.0007379635729
X4_33_31	-14.4046042731203	-3.12807143742143	26.6943853994972
X4_38_30	-14.5441707672753	17.0439871202763	14.5498555348641
X4_64_38	4.57673948888003	-10.3108208203133	13.1098380482792
X4_56_40	4.72623277846054	-3.26860567073716	10.4007351474979
X4_52_42	-5.00079837751869	-0.321514770195826	11.0795297505907
X4_52_50	-16.933295429196	18.4758118332111	21.2761684958828
X4_48_44	-19.9686139470137	10.824271424714	22.9954087257548
X4_58_50	9.31117384456715	-17.7458501378466	19.5899340350318
X4_40_34	-14.3281698776692	14.4154403942246	8.29417307778805
X4_35_37	1.49620465808525	-0.0327842745352335	11.2504254035231
X4_57_43	5.11363889054751	-17.1561150901445	16.8318892079359
X4_37_33	-18.8954065143246	-4.2788191904643	26.8476228869645
X4_50_40	-16.1284106004421	-1.97123127159133	17.5771370757229
X4_53_37	2.27529762784898	-1.87003861187757	10.9308722867839
X4_62_34	-8.85099943957252	-15.3283715535576	17.9741660953887
X4_48_48	-5.99044307750117	-7.96198411874291	23.6235795733448
X4_37_39	2.9501487961833	-8.02991863484096	13.8570205030306
X4_48_42	-20.1785762405336	-2.36438295669365	25.2390032958492
X4_53_27	-21.8716950378049	4.44009350111968	17.0068190315194
X4_64_44	11.6792144145766	-18.784025803087	17.931183894417
X4_46_36	-18.3492208897719	-2.89953969941783	29.2408344291337
X4_45_33	-18.7674814859236	2.52332598434123	17.4488186033217
X4_60_46	6.3618376477091	-16.8312601973086	16.8696553538345
X4_53_35	-7.9427388521502	-14.9598307250134	15.1355799664283
X4_52_40	2.4563516944601	-1.10611932124284	11.5426059938968
X4_53_47	-13.9940022675445	-3.46070974684445	26.3181785028684
X4_63_43	10.7672398901113	-18.5906066637314	18.1762453009366
X4_61_33	-9.05256100570797	-15.5168245834978	15.7053792434298
X4_62_32	0.556741161537727	-15.7086397520357	15.8676979496721
X4_39_25	-7.89091626827718	4.75343780669631	6.51382965243639
X4_54_38	6.57867022451809	-4.99492999722542	11.8597524415393
X4_59_31	-4.7571390052473	-16.2218465951378	16.3451391226997
X4_61_31	-5.22850026437844	-14.7581520054346	12.8263569222496
X4_53_31	-18.1505389037391	21.8445999851573	25.1707254759872
X4_46_44	-13.8610703860216	27.7984034493074	21.6767510596815
X4_56_34	-3.02847597689926	-14.0215808107722	15.4353172680572
X4_64_46	14.5474038204129	-15.4492998853613	19.6836461880125
X4_61_45	11.4361955845119	-22.98138537959	16.4027744259969
X4_48_26	-16.4140209116018	9.98133180185737	19.31872245552
X4_40_30	-18.5109448937771	3.15394724781586	17.9317217875931
X4_61_37	15.6473963579269	-11.2487011540008	10.1643639007551
X4_57_29	-14.066833257371	-13.6161349933904	18.8516862888495
X4_38_42	-13.1807461140128	13.349181343492	9.71178440913716
X4_62_36	-6.12760865788934	-14.8861561135084	17.2554167003896
X4_39_29	-9.32544091098362	5.93891695418683	8.19201048781862
X4_55_33	1.91446066134868	-2.24196053674674	10.6649733868746
X4_33_35	-0.988864839922148	3.72224833837814	8.87509524540607
X4_41_39	-22.6566063940241	5.10900359396439	18.448519480798
X4_48_28	-15.3479788920458	15.7321934525741	18.5030921568387
X4_57_35	3.29576102701249	-9.33886590323664	11.608237350519
X4_55_37	5.83368019586747	-5.86981745975924	11.3624447617647
X4_55_41	8.17157709393895	-3.00049830581086	12.1404716693858
X4_59_33	0.891243534152689	-10.152789293526	15.6778789198951
X4_58_34	-2.57792181799147	3.38790844492744	4.69977249938953
X4_35_35	-2.0743062737683	2.89596642692678	9.67604799433411
X4_60_48	11.1487624043109	-17.7935259447865	18.5488425962483
X4_65_45	14.6204167467978	-15.8663644245453	16.7462316118099
X4_63_49	14.0209874286573	-16.7408816276899	19.7894040945517
X4_63_45	13.6456572806436	-20.4005199398956	16.7775518241543
X4_65_43	12.8850797577985	-20.6133423438895	16.1970693194278
X4_42_26	-16.5443595944378	5.46932483638445	19.0117920615983
X4_53_33	-8.75826698676636	6.08774411632822	7.58699793689752
X4_59_37	7.7351609513938	-2.84059081056724	11.79343025849
X4_35_39	-7.24793880284254	4.85487912202642	8.50927967550487
X4_56_46	-5.11315626946378	-14.9300856907598	12.3212902796972
X4_58_36	5.57169067201741	-5.54617504128068	12.0597201852527
X4_34_30	-16.1553400992224	-2.7279294716579	29.9776947025985
X4_58_42	8.07632683160839	-17.1960856657531	16.239421832197
X4_60_36	5.20457273511037	-4.10935715092644	10.4076903505164
X4_46_32	-22.1096043957595	12.3590034020361	20.1812888286394
X4_62_40	10.7344141009128	-22.3939807412274	15.1178090760335
X4_55_35	3.01515129372332	-1.00399331106504	12.4060127825804
X4_56_42	-0.780870213930147	-14.9664057538562	14.558901271689
X4_60_38	10.8226225961324	-22.5391435672088	14.2645868884877
X4_54_34	3.01809892390157	-10.0928861930537	13.650025697668
X4_37_29	-16.7520768150488	28.7371030592133	16.6599242194504
X4_61_43	11.9568837965055	-20.7237839763136	16.1213499665252
X4_39_41	-5.76288861618526	5.38606068773862	9.89275462981566
X4_57_47	6.48988523364524	-17.2664265374601	17.4986626608803
X4_54_42	5.00677360544293	-1.48160755792785	12.3608846641108
X4_40_26	-17.9423676721839	24.2760575986192	11.5723948016714
X4_63_41	14.4360092439488	-18.7315127294999	15.582434428462
X4_62_38	10.1150542570425	-22.1303126566339	15.9281740778863
X4_63_33	-0.743539154676968	-16.8883938789329	16.9213828218292
X4_60_44	10.5738093427076	-21.8050921243871	17.7415762463886
X4_64_40	13.1438052055434	-20.1200079401507	16.366445739321
X4_53_41	3.30792782846594	-3.92328018221321	10.4892617067168
X4_60_40	12.7417513300916	-20.9488559295954	16.0611837045674
X4_64_36	7.39020098051394	-18.0587401151079	17.0879169336748
X4_58_46	2.24218420260501	-11.2309666160317	14.1782829884199
X4_56_36	3.0897477031229	-10.6525071079882	14.5340521202996
X4_54_36	7.14880862475643	-5.69989610632573	12.0184776021723
X4_54_40	4.69504403775431	-1.117365099413	12.4118932515032
X4_47_43	-17.2548956123826	0.223473133246661	31.0630485974446
X4_63_37	12.1392956202685	-23.1625116545186	15.7736871859998
X4_62_42	13.2131593990719	-21.6006578510491	17.8324429762033
X4_64_32	10.9232972528102	-21.5779631293956	17.8331928777004
X4_45_35	-18.9964660595737	22.2002564712529	24.6908768826015
X4_61_41	12.4924350350129	-21.6398839338178	15.2370384399281
X4_57_37	13.7994774339752	-21.0418803523444	16.6337485560283
X4_60_42	12.4987887115257	-23.4622091178253	12.916994839525
X4_57_45	3.65627000205409	-5.09524474310736	10.9794693060479
X4_57_41	14.2492472480916	-19.7609351997579	15.2181878028569
X4_65_47	10.4724664783382	-20.7057023265782	19.1158917196312
X4_59_45	12.1254277950886	-17.5470615774904	19.9729879204723
X4_63_39	13.3557662855625	-21.385125827475	15.2584367109956
X4_42_36	-15.9003584353877	2.52827026773657	20.7419430625385
X4_51_29	-17.8783309256837	26.7490693082451	10.3341177710664
X4_54_46	8.87474440517201	-17.6520693555974	19.74560457031
X4_61_39	13.6589684560652	-20.8827255596024	15.6048223828209
X4_59_43	12.9855292545344	-19.513012631304	15.902107993796
X4_58_38	7.26527517971802	-18.709035865412	16.7684436639629
