V1	V2	V3
X1_25_14	-19.5316941387692	15.3428536684909	9.58730875849706
X1_26_15	-13.1941488788659	7.2460479481488	10.7558315203849
X1_5_15	-20.7662778624268	18.3145519498371	9.57211353536238
X1_5_16	-18.9909270859595	19.4721279904241	8.06034686375575
X1_5_19	-19.6457518438731	19.0399820903595	7.65464678545623
X1_23_21	-11.7535975645612	7.97160204554672	9.09354298572666
X1_22_22	-11.3872594230555	6.55968618044095	11.1141283444534
X1_23_22	-3.98439475220109	2.87544007649586	4.00634793027894
X1_22_23	-13.8412004445716	7.32861767191817	10.1202741867196
X1_11_24	-13.1378363447307	9.35067790526256	10.4523400218211
X1_12_24	-4.63759854733562	6.49465743190323	6.45794371950859
X1_12_25	-18.6752926269225	17.8764823513177	9.35059986084077
X2_22_10	-18.2246680110756	14.0125018410999	9.12425849921122
X2_26_18	-14.8994374486277	16.4615870604621	4.94607515761122
X2_26_19	-13.414282045718	7.56587060814046	11.7437777834255
X2_8_23	-20.7546617876529	17.5526644053589	9.91716951202046
X2_9_24	-18.2185534729752	17.4406901998306	7.38460464294319
X2_8_24	-20.4179932914454	19.1452048910322	9.81301873707056
X2_20_25	-18.5500079875834	15.4735952068913	8.77630021602341
X2_11_26	-17.5398963366765	13.9700356776662	8.66098339980276
X2_10_26	5.66560976833927	-1.03480685757489	4.71646239240861
X2_19_26	-17.8935820825256	15.2517833805158	9.91785540996447
X3_21_6	-19.926253279426	18.3224258026626	8.16297664303335
X3_20_6	-20.2942307758104	18.7211632937856	8.78480556975261
X3_11_9	-15.813875624432	13.6580760669031	7.9887407301761
X3_28_11	-21.0975399860604	18.150405803282	7.78947822128849
X3_28_14	-20.6483946808405	20.3206417132512	7.62362868772148
X3_29_14	-21.2848579938405	18.8838623134308	8.72852701550418
X3_29_15	-21.4049393417376	17.7524265892664	8.38386777066713
X3_28_15	-21.1013611304109	16.7937829952376	8.34869119668295
X3_8_17	-16.8419805024268	12.381777001664	9.6445034557299
X4_18_7	-3.26287794695581	8.49458334753256	6.7385875507011
X4_17_7	-12.6490012908284	10.4666299651556	9.63885608097187
X4_17_8	-18.3652556247527	18.9450887142563	9.90326381973408
X4_18_8	-17.631826855546	16.3700361573336	8.8245622612951
X4_26_11	-17.5649960954004	12.9718015939414	9.52396807504554
X4_26_12	-7.66319295028188	1.4961716309177	1.46895277271611
X4_27_14	-18.9314650012177	18.7443050045087	8.9530001162497
X4_28_15	-19.7345549662813	16.0955834442104	9.48466327397079
X4_7_15	-20.1832198132029	16.543810567928	9.88961657588405
X4_27_15	-20.4170610602638	19.1093223927	9.1278981145797
X4_7_16	-13.0604734456179	8.1223819969516	10.4436155439459
X4_8_22	-16.9269547886303	14.8225403698847	7.61282291092686
X1_9_7	8.64393532233403	-12.7905713828271	0.38255522561655
X1_8_7	5.66943081946259	-18.0929891526391	1.61204843325303
X1_10_7	2.92547674395821	-13.1522513882425	-2.17135837861172
X1_11_8	4.79219635651462	-14.1439501404343	4.56425664563797
X1_7_8	9.59957805873765	-12.6849060611065	3.56264124688351
X1_8_8	5.97780870543906	-17.7356615984376	0.887913657008601
X1_9_8	9.80483785238798	-10.8826638661283	0.253993047493953
X1_10_8	-3.04644664588471	1.98477893648547	0.73895913155365
X1_11_9	-5.03470955603499	15.4653719580502	-0.737494555851072
X1_9_9	9.68298843669292	-13.626094125474	-2.84558910904809
X1_10_9	13.1286108595676	-2.43890045672723	1.25525169109785
X1_7_9	-4.9523009861226	-0.630411116447836	5.35543790354785
X1_6_9	-7.7481737587443	-9.16227485456665	3.14619469638407
X1_13_9	3.80941877599476	9.17915233337868	-6.85325863489245
X1_12_9	3.84111447231332	8.80658973435764	-7.04405100176691
X1_11_10	-12.5403412454635	6.30608199195553	11.0092019220881
X1_10_10	14.9608952465048	-6.31199157873501	-0.187198856792906
X1_9_10	5.46916622872201	-10.6704245051227	1.24211892142954
X1_7_10	-5.30127622127516	-1.29057287522937	5.44398269825325
X1_18_10	1.4835152300993	4.38700990905917	-6.18821496897955
X1_17_10	3.32560290866085	9.01883094770613	-7.90778256361098
X1_12_10	7.03350799037068	-0.111461456886988	-6.25171255143517
X1_13_10	14.2624798010242	-4.80142924433969	-2.7220038474309
X1_6_10	-13.6824031097896	7.1971140739294	6.23053978335952
X1_14_10	-2.37096456612271	10.2623397199592	-7.43079145998429
X1_22_11	9.64365802795729	-13.9462070982259	1.05100604160954
X1_20_11	10.4521339443833	-7.38978635517189	-2.78486110484133
X1_21_11	-7.54830344446303	15.8636262537677	-0.773147820298682
X1_9_11	7.71067575747429	-14.0388654514161	-3.38312731476167
X1_11_11	-14.421249682915	10.8231271171569	9.59521758690322
X1_10_11	6.64209359990927	-11.8702032085747	0.385906405353086
X1_19_11	14.1482717109762	-4.89230967294159	-2.64484034450518
X1_7_11	-9.11597365414527	15.4243673919622	-0.477031547419155
X1_13_11	10.1035920080411	-12.3079792465534	-7.26227387636681
X1_12_11	8.90975959594514	-14.2420739492192	-7.75090259887233
X1_6_11	-18.4880363677299	12.9695020186183	7.25760100713595
X1_8_11	9.03715150169573	-14.0196739386411	-3.83796832063876
X1_8_12	0.256526877939828	-16.9809973108663	-1.64521261450727
X1_22_12	4.4237234194573	-18.6839317083457	-2.08678201418106
X1_11_12	-12.9901870527286	9.88333551434054	11.503350553594
X1_25_12	-1.30788928842383	-2.04090192686314	-0.145867501227496
X1_21_12	11.5221163561041	-2.71373102881077	1.18117870778504
X1_20_12	5.83755568653893	9.93862036132094	-5.43210697905699
X1_9_12	-2.42328577430671	-16.0355653054561	3.29525059763409
X1_10_12	16.2369208083767	-6.58984688700268	0.289882605859839
X1_19_12	1.28632697075006	3.77194712260384	4.80364076530023
X1_12_12	11.6432944441901	-7.95659851701389	-2.33687620172345
X1_5_12	-3.83781614947425	-7.7483350294302	-2.86014740269024
X1_7_12	-19.1222991595148	18.8194772791853	6.89832534467409
X1_14_12	3.45646124264082	9.07271888972463	-3.16497289498412
X1_13_12	-7.4035556334145	4.26743503959365	13.0854515038473
X1_6_12	-17.3259046286336	16.3973108820156	6.1196280288257
X1_24_12	2.25262193962235	-17.4679367950031	-4.78239809003854
X1_23_12	9.94902640221896	-7.03348896908822	0.337122453629773
X1_22_13	14.3274800079233	-6.7108619797311	-0.830464262537353
X1_21_13	3.97640553593782	9.73319192232141	-5.34648887811594
X1_11_13	-0.529114700935798	3.95038969258018	4.4848438096602
X1_9_13	0.124648653023904	-18.3534181028922	-3.49567828999291
X1_10_13	11.4955458745314	-6.44381059665945	2.55315434433474
X1_8_13	4.26176788514061	-14.4375049175788	-7.12751544760414
X1_19_13	3.5364980488588	10.5893150445667	-5.24805275945825
X1_24_13	6.18448491571503	-13.6862723059372	-4.0573645294413
X1_26_13	-0.715025006909997	-17.0465742749624	-1.80137493592241
X1_20_13	3.05387544808581	12.4528556252731	-5.13016613547557
X1_25_13	-8.94556566171415	4.02015388710132	6.88529139641297
X1_18_13	12.0144594487326	-2.58117240276037	-1.2763837600108
X1_17_13	3.83932819311252	10.2032310600027	-4.32026833748627
X1_12_13	-2.59373475745918	6.21725247881391	3.17975753795399
X1_16_13	11.8070250167813	-3.28894698707571	-1.04598283075728
X1_7_13	-13.5637691043461	9.13991871989356	10.8604200338632
X1_14_13	12.107194780542	-5.33636628181588	-1.56972556670026
X1_15_13	11.8586076216814	-12.6722128325057	-6.79492163323378
X1_23_13	3.24935560292243	3.29042177963216	-5.13950399337214
X1_4_13	-1.1201590756007	-6.71212900539197	-3.6527014669329
X1_5_13	0.651948849177431	-7.79787510100493	-3.31651699482028
X1_13_13	-16.5466841294279	11.8794343154986	10.1972279687251
X1_6_13	-3.07673295034768	3.53381927886786	3.60744611135605
X1_11_14	2.1283487942114	-9.82795810138487	-3.9765676623558
X1_21_14	2.02375182890158	9.5637445887912	-3.70968451614497
X1_19_14	4.03789769682839	-9.79710156855635	-1.00718316470907
X1_22_14	6.09708588992408	-13.2754613698849	-2.85648737790547
X1_26_14	5.88438532598957	-11.0541100275377	0.545125543563061
X1_27_14	1.64943598001649	-2.84045652006548	-4.89082588843349
X1_10_14	-1.60161517279125	-13.7877804504903	-3.02264383668115
X1_7_14	-14.3927317830928	8.27118723298737	11.1333780725208
X1_9_14	5.33813384653743	-12.705370445563	-0.448254675835366
X1_18_14	3.86963075825088	-16.8995386460498	-6.62334340854196
X1_24_14	-2.31744538683945	-0.0278048942704369	5.94821174608011
X1_6_14	-3.45789206940172	-13.0482971340686	5.99219477710164
X1_8_14	-4.12756514749081	-13.0073391995196	-2.29044765216962
X1_4_14	-5.58496794574487	1.35161828707489	3.39155208320137
X1_17_14	7.15566574279855	-15.1747294703506	-5.73989154705718
X1_20_14	1.89788397614007	7.73207677217269	-2.63795850573261
X1_5_14	-11.0716010885397	6.94066539200027	6.93108512002272
X1_16_14	0.00584355177135506	0.202263001272738	-4.28849132042636
X1_12_14	-0.414596600007518	2.9295436205704	3.99211769601898
X1_14_14	5.42381497006779	-16.1913854730366	-6.83236570643004
X1_15_14	14.9117779872549	-1.9769065158769	-4.50906152162306
X1_13_14	-0.949229262960061	4.47594106854184	3.90009947540995
X1_23_14	2.72423380342455	-7.77195002605967	-2.68766810731452
X1_22_15	13.0878095406319	-1.95183227940812	0.132517074893893
X1_11_15	-9.13807364504172	5.05626672288325	6.75755828762953
X1_6_15	-9.17294285215662	5.42519611683565	9.16552328660431
X1_19_15	3.02351093225593	12.3810955049248	-5.12148478610624
X1_10_15	2.13165672793788	-12.9296315877716	-3.04612029541741
X1_18_15	5.42305608782966	10.0963424380749	-7.34512584304617
X1_20_15	1.78886991702669	7.39684600722034	-1.47067250012244
X1_9_15	-3.04960712772844	0.837771882546761	4.2192257551911
X1_15_15	4.37785467322631	11.8934087269794	-0.915277796076916
X1_17_15	6.27209883912649	6.58870914952127	-5.55293867595565
X1_8_15	6.56708706429893	-2.50103415711086	3.2987734820828
X1_7_15	-7.6526741836471	-8.93006334488025	3.22422552537657
X1_13_15	11.5413308099802	-10.5539894148502	-8.17894634118455
X1_24_15	2.26175722075327	-8.2686445080825	-2.66744663679767
X1_4_15	-16.8037336771084	15.5800445053958	8.68726499557836
X1_14_15	14.92881674897	-5.8887836473215	-5.56572582250297
X1_25_15	-2.19364928569796	1.50661244142108	1.83835661631339
X1_12_15	10.6784320679989	-7.64385048638895	-0.327056154642822
X1_23_15	-12.1977661170244	8.1476214616897	12.2062944087773
X1_11_16	-9.24612574460552	4.3027384218437	7.06696851385409
X1_22_16	4.60964362459342	11.1156962905782	-6.65956525591192
X1_10_16	-3.56771861004326	-8.85176974079995	-3.47153745225168
X1_14_16	-1.99333778953602	15.490345100515	-0.374396771226868
X1_9_16	5.36975988873313	-14.5044819029355	-3.78956375726211
X1_8_16	-16.9194263097795	14.4465159879675	8.12749976537055
X1_7_16	-1.95192489651111	0.644527131385115	6.15431505524119
X1_17_16	3.09200014012874	10.6811750299786	-5.02831418214735
X1_16_16	3.76124750089589	11.2218191610614	-2.87124492727198
X1_12_16	2.30806992704239	-7.7821063856007	-3.48757792521993
X1_18_16	2.43951908427853	11.529370847049	-4.08711744903223
X1_4_16	-18.4439669423228	16.2645724981149	7.98484000294231
X1_6_16	-11.395518401965	13.1983903542274	6.51439715590727
X1_25_16	1.18949360234959	7.34113211564386	-0.734130861393667
X1_26_16	5.20394854318993	11.2376943780506	-5.92843767805402
X1_24_16	5.05551231112488	10.7999046022301	-5.61888919261882
X1_13_16	8.86378909078424	-13.2442009767552	-8.76426290030683
X1_23_16	-12.3887551013708	8.64412557702186	9.87056691768111
X1_21_17	-10.6997093078626	14.0175565056671	2.02456191883711
X1_22_17	11.5387351727661	-5.78889209385284	-3.23030071837811
X1_11_17	-13.7014524262768	8.33722512351382	10.4382908230231
X1_7_17	-3.78214081230673	4.35466857500299	3.80314413614667
X1_10_17	-1.04920567831357	-12.8206425824901	-4.04056732636411
X1_6_17	0.765033591441234	-12.4947204916544	-6.13489825847962
X1_18_17	3.86138694151227	9.00647167903023	-6.29751248565808
X1_8_17	-15.7784139971179	12.8541175762901	8.71105867536815
X1_26_17	10.7126147391831	-12.5962229573128	-5.45558223962041
X1_9_17	-4.89438297745871	-13.2669285999706	-2.35466891396901
X1_5_17	-8.59210092836132	4.0170041885717	2.55687923076498
X1_16_17	3.8791017561772	10.8500246583967	-3.14573114933372
X1_17_17	-3.96237891003928	6.87263822438838	3.40992631364852
X1_23_17	2.21950789656877	-9.95977580868809	-1.9401317132631
X1_12_17	-2.36574833518878	2.25428566114493	7.95298370669462
X1_15_17	-1.87612937266747	15.2162462256611	-3.46212673232581
X1_24_17	1.93345001384361	-12.2302517336907	0.190240242352824
X1_25_17	5.39903262969133	11.4991266487744	-5.72865803089745
X1_4_17	-4.84256658844646	-1.44552276292998	0.586979952214083
X1_13_17	9.82515885580399	-12.7011540077687	-7.13513675697672
X1_22_18	1.71992328703778	0.648617864136505	-2.75964887110646
X1_11_18	-8.56309480051466	4.57978312620016	8.92153060060025
X1_9_18	2.86862027308581	11.9316920925496	-2.94904755294384
X1_21_18	-2.59419122732643	15.6394182756126	-3.00420858438066
X1_10_18	10.7171972878409	-12.1154574265226	-4.66977029912617
X1_5_18	7.6242608618185	-11.5360052688267	1.04348390530618
X1_6_18	5.1043163693652	-15.0890313430344	-4.84389742459591
X1_7_18	6.34593870714574	-11.1608479099297	0.517577650979581
X1_26_18	8.93805248500183	-13.5897754804994	-0.0396301176072855
X1_8_18	10.8093604840875	-5.0185344100844	-3.52454272560409
X1_4_18	5.0005767443066	-13.1604115890809	-0.40956250769146
X1_16_18	4.67478000688674	7.66434008646163	-6.29361832453577
X1_17_18	5.44955731412149	9.18313340485219	-5.90129068420599
X1_15_18	-3.37016621657288	13.5277722555192	2.12197418330228
X1_14_18	4.46442620269433	6.5957823045201	-2.21009893202274
X1_24_18	-5.45577923003555	8.98515723563783	1.49063869520288
X1_23_18	-2.84816779486106	1.95871472092885	0.690449461355442
X1_25_18	5.62066045975848	7.92156530913878	-7.37336427621229
X1_12_18	-1.66328454313784	-4.98963910742363	-5.27663893918521
X1_13_18	13.1483146258545	-6.15493619652077	-6.49882197917352
X1_22_19	16.3903244871742	-4.01431166905405	-0.37514316955752
X1_21_19	2.69868980819677	13.0571986098335	-0.945439545713113
X1_11_19	10.529261155674	-9.58546198062249	-1.51265581729635
X1_9_19	-4.13795851853476	16.673833968225	-1.28527659595668
X1_10_19	6.62586961651406	-11.3972054423446	-0.979849509016824
X1_25_19	4.72033752717797	-6.78494069529133	-0.774572962943068
X1_14_19	14.8833536630173	-6.38565229898525	-4.90375824073622
X1_20_19	-1.51775184479986	10.3152687967373	-1.86595213602252
X1_15_19	-5.38708344734299	4.78153872160863	11.0113758112528
X1_12_19	3.18435308217058	-16.6612031789704	-6.58638880546202
X1_13_19	11.7869314533621	-7.1932479818191	-7.05983257094532
X1_16_19	-3.45197132623918	14.0456036878607	1.09222054212982
X1_17_19	6.21467113944335	9.56067156566328	-6.9654805163413
X1_6_19	15.5919174458513	-8.12555610954636	0.502235833029719
X1_8_19	-6.66151654629835	16.571979220925	-2.94116173350204
X1_7_19	-3.38970943892458	15.7035403768275	-1.81232478087945
X1_23_19	2.13315859046429	-6.93373446936865	-3.354755353216
X1_24_19	-11.2714190941935	6.83856534740843	9.53109748891657
X1_4_19	7.0264232176218	-3.01141164180892	3.69622528597053
X1_8_20	-5.78898493255879	15.1119761148497	-4.06250650900272
X1_11_20	2.74026878697922	3.31046992098495	4.52477036450703
X1_4_20	7.58046826170871	-3.7086289187946	3.29795284422586
X1_19_20	-3.01844654482753	12.6465360517749	-0.765877225379262
X1_22_20	13.761427361984	-3.95530958657363	-1.88296054349355
X1_10_20	2.63076473769119	-5.73766267401621	-0.110008143430851
X1_23_20	11.9386384397862	-11.4642435182019	1.24908737962116
X1_6_20	2.57392585917102	9.6792597444366	-1.80791751221721
X1_16_20	-2.87365333237002	-1.54646025085977	3.28043800302561
X1_17_20	11.604926469711	-6.61715693677139	-1.90721720976279
X1_24_20	12.7534594128792	-5.57057433751727	-2.21870010181483
X1_5_20	3.87422191977187	-0.168175614899278	5.26493821014932
X1_15_20	3.2237579985395	-12.491420892116	-5.27860594726067
X1_25_20	-13.8409319511348	9.29603677579125	9.69320770859644
X1_12_20	11.7291802861437	-5.53940402165815	-3.83961628012908
X1_13_20	3.57293260174507	-4.7131099125921	-6.58352882730939
X1_14_20	-0.690161525662223	2.60620313685378	9.37250931970107
X1_22_21	0.341598529948812	4.16162152027526	3.3816477863734
X1_11_21	11.6753349180735	-6.51970456370976	0.342986613909874
X1_10_21	8.98023079797795	-13.9026137642812	-3.57186594965012
X1_16_21	3.66829060073368	-5.02369486813931	-2.94753564644662
X1_14_21	4.41650572156801	-15.0172067242807	-7.4614644317626
X1_19_21	-6.15405885869188	16.0823548494249	-1.04905587612304
X1_9_21	2.66192884791455	10.608094005417	-4.14567205842609
X1_8_21	-6.0009842030106	16.1408171233279	-0.767147108525727
X1_25_21	-12.4292591675952	11.429604009267	8.62169193069513
X1_17_21	0.340274336108778	10.7615448031719	-4.96249812190545
X1_15_21	-6.03870826667366	6.44977328411845	11.1384702887415
X1_5_21	-1.57412357355076	9.89866728614376	-1.09522576146386
X1_24_21	-2.15861678257347	4.67430534992068	3.43145865955617
X1_13_21	10.2452590856732	-11.8959557356257	-8.40366589518841
X1_12_21	11.2726405267402	-3.28183657343532	1.06258617118956
X1_11_22	3.63818894157775	-12.6341178489723	3.03457282604106
X1_21_22	0.0899422649955075	3.10271351991212	2.45486994220132
X1_18_22	-13.8215459805704	4.74792849596248	12.127693681253
X1_12_22	8.7913183207602	-13.200349925474	-2.86513041569481
X1_17_22	2.71674781638912	11.4434647155001	-2.25611948664647
X1_10_22	8.71930038026155	-14.6430786161117	-7.26428221283234
X1_16_22	-6.75558119280263	15.0934186095143	1.78222345112554
X1_25_22	-0.579316534249405	3.82514385098657	4.4695823269101
X1_9_22	3.40090647645031	11.7810089797033	-3.49850220336663
X1_24_22	-11.6105914443411	7.09142943053453	12.5550134052527
X1_7_22	-6.79213681293217	17.0036900581739	-2.55114620299989
X1_13_22	12.8542438783435	-9.36801789395805	-6.68783484839786
X1_5_22	14.3950400428099	-1.26986990258862	0.105071767285043
X1_15_22	-6.0409293870765	6.3689983846253	11.0299440090366
X1_14_22	11.3882669146883	-9.57485926882665	-8.82665506602183
X1_9_23	0.522016902738747	-13.7065513530851	-2.10917983612781
X1_11_23	1.49407322925513	-17.5334125596549	1.31123506436728
X1_21_23	11.3183857217353	-4.10031833942385	-0.952752644492081
X1_23_23	0.0626937386284845	-8.48290905859933	-2.70935501358689
X1_8_23	4.37159820445834	10.9337111274574	-4.69229939380392
X1_6_23	-3.35197675174115	13.377563996192	0.329842193499983
X1_20_23	-2.06329468412325	13.9397339824643	-0.82663045492849
X1_12_23	2.17475506084425	-17.6955734454225	-2.82956987207821
X1_18_23	-13.2894240069712	6.9838440214326	8.67631937760344
X1_10_23	1.74479758448218	-8.71620752440997	-3.61276240080761
X1_19_23	-12.7695890915581	6.04182893287236	11.4476939782421
X1_14_23	-2.25806992593331	0.374451205621474	8.81028080519885
X1_15_23	13.5131264559465	-4.37364099206497	-5.41823548159898
X1_5_23	6.26160338603342	-14.9678877926724	2.46807706514062
X1_17_23	-5.2456829987538	11.0579149591533	6.66166264404722
X1_24_23	-3.32802641356139	13.2451447906674	-0.0180537366957279
X1_16_23	-17.5925698554369	18.1756543298042	7.0751715068576
X1_13_23	14.7217230782637	-3.91539228782026	-4.44760564237088
X1_22_24	-12.8697619601184	8.14421362040394	12.0438379563164
X1_20_24	12.3934591852634	-2.08954917645816	2.06012964015159
X1_21_24	-10.5004553667745	7.28599342630396	9.46774313324375
X1_9_24	-18.9528615741059	18.2483794472417	7.95761586788284
X1_10_24	-3.3551815588795	4.85762050685645	3.14188456167954
X1_17_24	-19.8045924717914	18.3130852239377	9.38248413290284
X1_18_24	-17.4139075188762	15.5577447153762	8.49435739236061
X1_6_24	5.88542049572175	-13.9864699603131	8.72607435694575
X1_16_24	-12.4894031383869	12.1352188215668	8.15138212623463
X1_13_24	12.5110971561121	-4.91539270910682	-6.44294782204104
X1_14_24	-2.73181751635763	0.799428101995016	6.82637402020538
X1_7_24	-5.09123494819291	15.5315469101728	-2.62903161358935
X1_23_24	12.8605627374683	-11.6108400697858	0.237938964577592
X1_8_24	16.4880276102321	-6.38671365979087	-1.80293440121602
X1_24_24	2.32552586857918	-12.3110545088508	0.122372534401997
X1_15_24	13.5384721030451	-2.08522690267012	-0.215292226658093
X1_22_25	11.3387143254557	-8.3445964998863	-1.33631369918842
X1_21_25	-0.239026477129874	2.75948986976157	2.39811055572048
X1_10_25	11.0234957878649	-9.9397126062221	-0.925228194299532
X1_11_25	-4.52115010782066	-2.52644664028829	2.25963722056628
X1_9_25	1.54421791875355	-0.161184443030781	-1.36934043632918
X1_23_25	13.8860789040586	-6.70750472390093	-1.61168433473923
X1_7_25	17.4947109184669	-4.90278568736657	-0.71260716520846
X1_19_25	15.3510986791289	-7.05280546515398	-0.285014348790223
X1_17_25	-18.8631463008372	17.2622305595009	8.69171193385336
X1_20_25	11.3180783765096	-6.79839246423087	-0.1597801289541
X1_8_25	14.3266529458967	-3.42652699283555	-0.150451495155242
X1_14_25	11.3396200055927	-7.29339110076847	-0.493390707186332
X1_15_25	-2.36982009097002	2.88275685674387	6.39807874172587
X1_16_25	-12.7519855208823	7.80669722487949	12.1812193339218
X1_13_25	-13.6456321450104	13.8506159836161	8.20869918029254
X1_22_26	0.613612824962585	4.10585180811267	-5.68635974374113
X1_11_26	-3.05397176805498	-10.3632550828052	-3.01037211928289
X1_21_26	14.8196941590789	-2.52415749437066	0.866326895882673
X1_19_26	-2.24204274133692	-10.5690320839661	-2.6744093282738
X1_20_26	11.140075440789	-10.5015788273623	-0.48775048699559
X1_8_26	8.69295127788735	-12.3421060128526	-1.1311041325173
X1_17_26	5.89660767653606	-13.5762150991928	-3.14800820006218
X1_10_26	9.72929161894774	-14.1478617799408	1.30242774532872
X1_12_26	-2.14814409418702	-1.21252425141856	5.74367352901786
X1_23_26	17.8671946248119	-4.46443637561262	-3.87965770308091
X1_18_26	1.22946396071837	-17.5878057768211	-2.42269793276333
X1_9_26	12.2383762880632	-6.43553618469354	-0.244473380696276
X1_16_26	2.77767429537804	-7.42860728811516	-4.06286405620124
X1_13_26	-2.43751104347748	-0.676751722399702	5.99261428127911
X1_22_27	11.2743738894267	-12.9482458354014	5.57288383959966
X1_20_27	-5.520884363913	-4.18559440599294	0.261471013183052
X1_21_27	11.911816798589	-10.9787210877999	4.51727483413315
X1_10_27	1.03658810743063	-10.609535669516	-3.02302422034561
X1_18_27	0.415119300195693	-9.02751434587007	-1.68292924432821
X1_16_27	-19.3272388721574	17.5263037860329	9.06064254310211
X1_19_27	-0.117005864552763	-8.33772270710321	-2.69130600242954
X1_9_27	4.38173545668806	-13.3830354367527	-0.776644644046673
X1_17_27	-11.4840499107194	7.21169145849335	9.84882563754754
X1_15_27	-6.60998414336344	14.0943284639002	2.57968377245445
X1_12_27	7.67612423704453	-13.9054399454965	-3.07284492997473
X1_10_28	4.24884338656251	-6.24970956762298	-0.835684038680905
X1_19_28	0.0973990165608051	-8.51370686717935	-1.27116980842425
X1_21_28	11.6340519454846	-11.575216866971	3.79510771412835
X1_18_28	-1.78253896189861	-7.79424560286852	-0.248235344455996
X1_20_28	-1.15037492343972	-7.97823005644797	-0.964673097716639
X1_17_28	-10.0545128860178	6.47273879754502	4.9072305893704
X1_16_28	-2.45276653991685	-6.40517242422839	-1.03148658892049
X1_19_29	0.650723633972369	-13.7618161042665	-2.09633302441973
X1_18_29	2.52780510678561	-10.9884186614583	-4.00436308007363
X2_22_9	6.90346208772671	-11.6437834508619	-7.83722213414264
X2_23_9	7.63163397123367	0.352267281908622	-7.80878130580451
X2_20_10	2.04253325541641	-20.5572734626104	-2.64939262007408
X2_21_10	-12.4262442597192	9.34894553544615	8.94966981073383
X2_23_10	-17.5328753988512	11.7556600490445	10.2981035107725
X2_24_10	13.7862504978436	-5.04238323480211	-9.9840143155401
X2_20_11	9.1776647848267	-5.04238963677115	-6.58307175443026
X2_21_11	5.54250682161228	-10.0900163912906	-7.61217976233783
X2_22_11	6.59888444587534	-6.96751203587481	-4.85574794774747
X2_18_11	10.4212386406868	-3.83470048818497	-7.21000534974372
X2_19_11	6.54758705810631	-0.284443366724505	-6.1197319203837
X2_24_11	13.1386142091073	-4.8089353504422	-8.84208382095261
X2_23_11	13.7532898308682	-6.80263121509197	-3.04767066325233
X2_22_12	-9.45866021701035	9.75836115948636	6.82395581008144
X2_21_12	-13.1638906113579	9.19468606022012	9.08629609398732
X2_23_12	0.482088527624227	11.2123959419793	-4.20032349510538
X2_16_12	8.15057695933681	5.58668156581609	-6.5483003511035
X2_20_12	14.5048397949588	-11.4738038539397	-4.34578127530666
X2_18_12	8.37369946676433	4.07076591222	-6.63666879150277
X2_17_12	7.41694025524665	6.11095332553395	-4.99310048089096
X2_24_12	-0.280116739405073	12.4212554766196	-5.72443455862784
X2_25_12	9.04880289252798	0.939299195094417	-5.10751226158483
X2_22_13	-10.5209225305958	8.32181061875002	8.79099045723571
X2_21_13	7.6184433870268	-9.41176628324556	-7.39697625892163
X2_18_13	-1.10020666654185	9.73791925737568	-4.82070027758525
X2_24_13	4.37972831134508	6.93988240782948	-6.33972572834999
X2_17_13	7.86782273984826	5.90789638823393	-5.79623112896839
X2_23_13	-10.1844946518183	9.66285171512732	6.97143658349434
X2_25_13	11.7700790930782	-0.635110122402895	-6.32028073932995
X2_22_14	9.27966731098315	-10.788445424268	-5.80028863222168
X2_21_14	2.39317961759882	9.74414432855863	-4.34738003239061
X2_26_14	-15.0572022493109	6.40256484490826	10.148075667668
X2_25_14	-15.3620480991433	7.63538831215336	8.51741537374674
X2_18_14	6.29739052264057	6.18877658585352	-5.41158668826973
X2_23_14	3.49249103738843	5.71617124504855	-4.59498244966826
X2_17_14	5.97545548816545	-8.84002743760878	-8.58156391268297
X2_24_14	-4.66041142253074	14.1003707050444	2.93762458906929
X2_19_14	0.637088756016657	8.14499003062906	-4.20816755176693
X2_16_14	11.861068900352	2.67401587366101	-6.61036560123292
X2_14_14	3.28508247612438	12.1550464363946	-1.55010172001781
X2_12_14	-10.7786766239727	6.01477419408002	10.2037514625269
X2_22_15	2.40145523952764	11.0964794608266	-5.66453309512221
X2_11_15	9.82034453179966	0.968885297081757	-7.34237246818612
X2_10_15	10.7089220267141	-8.17370631745096	-5.35050637051232
X2_24_15	12.5935279534211	-10.8169360351365	1.30453726980082
X2_27_15	-7.84663248140602	13.9713683556507	1.38576911709999
X2_25_15	0.954039438113358	-20.3681004554957	-0.79636263722217
X2_18_15	1.48451071751362	8.4802862525755	-6.95764434601223
X2_16_15	7.51681932947689	-1.74002475314015	-10.4397831006534
X2_17_15	6.59546950434681	-0.555237086326773	-8.67021709145109
X2_12_15	4.06611230832374	7.9703848829424	-2.46793672349589
X2_15_15	7.34175043361389	5.14307450859585	-5.74673524364391
X2_14_15	7.69274241710743	4.22179135178084	-4.52209301737507
X2_23_15	14.8716198077447	-5.66751828277017	-1.62786700036391
X2_13_15	-1.04399342360572	13.3504108128479	-6.43606969392312
X2_26_15	-19.3193746825825	18.8975677933036	8.72158031902388
X2_22_16	-4.66637896089921	16.3517210981153	0.554637939320229
X2_11_16	5.32968323713347	-7.21568256773819	-7.40937440857651
X2_10_16	-0.598124795805622	1.68944246845974	5.44150558140551
X2_21_16	-9.61346381646722	13.5069386726679	2.21663073843627
X2_8_16	6.92920632912944	-0.185222219841827	-1.25504770741787
X2_26_16	10.4211264995909	-5.82623086944131	-5.65173563436159
X2_9_16	-10.8740239836334	7.99432806475475	10.2336948662215
X2_17_16	1.00602307125509	11.1512559718518	-8.47597976096482
X2_24_16	13.6209947873939	2.04010942658983	-4.53776745321771
X2_27_16	-10.1501157699464	6.99983261790194	9.8330159497015
X2_25_16	-15.9653094241806	17.5554473337221	6.21971128662866
X2_16_16	-0.0919019582252962	10.8156882260044	-9.37528635071299
X2_18_16	-4.20866154045168	16.299398399004	1.32608831848973
X2_12_16	-6.71989437979116	5.55758898103751	12.095562371045
X2_14_16	10.167152846642	-4.10553238085926	-9.9188872252005
X2_23_16	-6.94699015892267	9.00879242414849	-2.23987296204869
X2_15_16	9.93299887155383	3.16888758817735	-7.15939400145391
X2_13_16	9.77595820517658	1.25649267747487	-4.70498772824317
X2_11_17	1.19928338900252	0.52586428005884	6.48982120337123
X2_20_17	-4.82584614101593	16.9307904114638	-1.40063092395893
X2_10_17	-15.0938478987577	12.4660959743347	9.13996370055085
X2_19_17	-8.70995440923611	9.00267961410408	-2.53064543983227
X2_28_17	16.3223410277326	-3.30819933609218	-5.84220361416482
X2_8_17	-2.63378593046777	-10.9720230305956	-4.92936552950566
X2_6_17	-3.71699581407677	-11.6227194685771	-3.30439385911583
X2_13_17	-3.76246213360153	6.46426273920251	9.23591361611376
X2_9_17	-8.19333193595345	8.24414232977861	6.82492871770425
X2_18_17	-18.607186695937	18.4284908504219	7.78885598877202
X2_7_17	-2.1202049700375	7.51070520594757	6.28807013274079
X2_26_17	-8.25017123193311	6.185242140945	9.29885328930351
X2_17_17	1.02701876681283	11.3812157232404	-7.90784453581921
X2_27_17	13.6804595040091	-2.14045079145581	-2.01657686371227
X2_15_17	16.498170976758	-4.23143386297076	-5.40982464295388
X2_16_17	0.443214618319761	12.0133879545518	-9.230666625142
X2_24_17	8.49182380825804	-2.52429786422234	-4.51273301532251
X2_12_17	-15.2848642800592	12.0114873957577	9.23357112874066
X2_14_17	8.70229464765007	-2.89064698630436	-11.1936972579486
X2_25_17	-14.4410357891818	7.24695995634294	8.30633951924514
X2_11_18	-0.790494893529486	0.276930663092618	8.57029125128947
X2_10_18	-14.1893764464965	10.6274393052112	11.8469441328549
X2_19_18	1.35883160066424	6.84504468169351	-7.69766618487504
X2_18_18	3.50298179316513	10.3959081305006	-5.17132813374007
X2_9_18	7.46277270034349	-8.77611204385185	-4.37609266571552
X2_8_18	2.74948510763992	-9.41218412160138	-7.86787160194117
X2_6_18	-3.7557299244779	-3.5984809829479	2.26737818504394
X2_14_18	9.4905531003932	-4.34996660692905	-10.1263600770659
X2_17_18	-2.80184764546215	15.456507010755	0.658641008969582
X2_27_18	9.93645846025892	-10.0687742959738	-10.1721252082204
X2_16_18	0.431000331698084	11.0788624677044	-8.5214876750846
X2_7_18	-1.10268370373111	2.2318449636076	5.06776453529973
X2_15_18	8.02364054209793	5.47345290861547	-5.54729661213631
X2_13_18	-1.48128739522626	3.47246793611289	10.0384375676002
X2_5_18	-14.0227183541669	10.4566448741489	12.2871185620857
X2_12_18	-0.515135433026895	1.51987007014908	9.37360466878954
X2_25_18	-13.0856072257549	9.96272472555	7.79382129147411
X2_24_18	-5.04247658364215	13.7724432852909	-3.42782367635077
X2_21_19	-7.76146023502628	7.09258128546936	-4.04022791677078
X2_29_19	-2.35739089409135	-13.1527785322902	-9.10847065477329
X2_27_19	1.71080249128974	-7.25461766800721	-5.72605550351237
X2_20_19	3.9155309338085	5.10767664570372	-7.36063823284867
X2_18_19	-1.61184979800021	15.314656417618	2.22404955457497
X2_11_19	3.01202812636474	-7.98602854334073	-7.10793958448107
X2_19_19	5.20765124669937	8.5150826326974	-4.67433652952778
X2_25_19	-8.9989363771211	9.53322147157022	3.97156160035987
X2_28_19	-1.35775259562619	11.7516166961307	-8.56866231907022
X2_10_19	-0.403717379928214	-0.948005167268606	9.17983345237428
X2_24_19	-10.8712932827884	12.7039326630987	2.91488236425864
X2_9_19	2.95845708023281	-12.0055076300482	-7.63132259410966
X2_17_19	-4.71369256007113	3.7571904936791	11.5283152731991
X2_15_19	10.2482661212349	-4.2706961240158	-9.25196817421394
X2_16_19	-0.449262961992336	10.3015879725704	-4.63498236903779
X2_12_19	-2.44500998486494	3.43919835348843	8.86922505367098
X2_14_19	-5.03875051448015	3.91802046288663	11.1961063545399
X2_13_19	2.83487809705803	-6.72611259509456	-7.54594440537848
X2_6_19	-9.96615497448497	3.99428666044697	9.62165018887687
X2_7_19	-14.2898778425947	9.65381175084824	11.0792370810958
X2_8_19	4.96608388502626	-6.26894385816056	-3.77468152006251
X2_5_19	-5.00059033639087	-13.2168729927603	-2.42969406412194
X2_21_20	-11.5341510745881	11.3719311975398	4.4189908344328
X2_20_20	7.76820801533371	-17.8789039654555	-0.568578606628987
X2_11_20	4.09311797485921	-9.54943237966833	-7.65283409901783
X2_22_20	-11.2336903772621	6.40982149711369	8.92929965309233
X2_19_20	-2.70973444536821	-1.57463948385591	1.70942149549813
X2_10_20	4.19370494811607	-10.2865103031681	-8.30643607821634
X2_29_20	8.04812578850487	-3.95608749885934	-9.12796712798266
X2_8_20	-11.5786323219655	9.07632164906516	9.81829620951588
X2_17_20	4.37499919420805	6.7995138812347	-5.26531741453636
X2_26_20	0.170158750166591	13.4987151066643	-1.89592297161057
X2_27_20	5.17797525209826	8.52593287516528	-2.31418339342531
X2_7_20	-18.3100880022889	15.8618934152111	9.16710227396415
X2_24_20	-0.97384826084442	5.07508748255059	-4.17481428011995
X2_25_20	0.862416731006646	6.68465841760767	-7.49429123351367
X2_16_20	-1.54981472028194	-4.88788688435413	-5.57716313025633
X2_18_20	-3.08306733352664	-3.86321203754474	0.368469672244024
X2_14_20	-1.91515220824239	3.03464652017399	10.0438151426988
X2_12_20	0.134380393790176	1.83730495896959	9.92261690991986
X2_6_20	-5.59079286614612	10.5751261685004	3.3214240377362
X2_23_20	-15.0411153916448	6.73339425875878	11.106240821442
X2_15_20	-2.34118652973131	0.676386280675319	9.69477236660532
X2_13_20	-9.22037933743906	7.57238058336545	11.384651103023
X2_9_20	5.38939467332255	-7.19259700253206	-7.94040850264835
X2_22_21	-8.89686651268264	9.10601691706955	-3.03329214464987
X2_14_21	-1.2695177599225	-0.51174922323573	9.80017099968539
X2_21_21	1.25155516842319	7.99707688522245	-3.45542136268632
X2_9_21	5.76475375798696	7.46219221506437	1.39665557213914
X2_11_21	-5.87376829777751	5.47863648203944	9.00559407179944
X2_10_21	-4.92075648072117	4.10672619287659	4.1409007933402
X2_20_21	-0.355653515253741	-11.8509098973418	5.55080333074544
X2_16_21	7.82101203952764	-15.5805696320057	2.13076170578752
X2_28_21	7.58109220185848	2.28390412199115	-5.00267962660176
X2_24_21	-3.52596123816574	16.8571790404951	0.941791859557156
X2_19_21	-9.53868297785595	11.6450667347271	2.31321401660231
X2_17_21	-4.42678208757926	-3.34460528387497	1.11300162109766
X2_18_21	-2.21986250196584	-1.5227425459231	0.951242926200117
X2_25_21	7.89711408562683	-16.116017844879	-0.963321485142332
X2_7_21	-3.39030279191898	2.98229424983532	7.45491363210287
X2_26_21	10.3250595045757	-1.41752779487818	-4.21221451639786
X2_15_21	-2.35999144101655	7.49884652846022	6.42908519985822
X2_8_21	-11.8544882909522	8.19733662761595	10.5961649969285
X2_13_21	-3.32241317235647	1.50119257580164	9.52085090645214
X2_27_21	2.23020455639464	7.34193313413461	-1.94611180889973
X2_6_21	-4.6755945982043	-11.3496911317706	-3.41802479729777
X2_12_21	-0.678097976635419	2.02361831880041	9.38214802112455
X2_23_21	-12.778974373719	9.67941393110222	4.06451656043685
X2_22_22	-16.5259532231709	14.1311725474373	8.65817428770553
X2_11_22	-17.1385922963513	17.3757456664122	8.40856447536986
X2_26_22	10.2835027874058	-2.54122718373896	-5.70962786797139
X2_21_22	-18.3761615068647	16.7572619075099	10.0771409245951
X2_25_22	13.2660605472444	-12.2622339890956	-1.15397372075077
X2_18_22	10.5027781453119	-17.831851566986	-1.84339544816498
X2_24_22	-8.24730912718338	7.90967406204268	-3.68765737691608
X2_27_22	-7.59318625396753	13.7361576504521	2.66629525719495
X2_28_22	-6.11389977684654	4.06333274906397	10.5372295094299
X2_10_22	-9.81045167457088	8.02524009466127	10.9001375261232
X2_17_22	11.3853742381807	-10.473445011181	-4.47180664528016
X2_20_22	-0.0058675214614254	8.9812793536874	-2.35827285718551
X2_9_22	-2.20853838644213	2.62250450283108	8.84985838145933
X2_23_22	-19.4323339906377	17.0204614044451	8.35114215215687
X2_16_22	2.27546037422614	-6.16923534245034	-0.519112887008112
X2_19_22	12.5117199474077	-12.7226768820781	-3.29926202235247
X2_8_22	-12.1453681855838	9.43133998734578	9.08115588169173
X2_7_22	-5.96635001286922	4.0039852786294	8.64275684107262
X2_15_22	-1.16736526883687	-7.82996914894011	-3.00710475096346
X2_6_22	-0.498501094851296	-7.33123378840181	-3.71826530287257
X2_12_22	7.64451282388137	-6.17008754007254	-4.99547963785406
X2_13_22	5.29248707364635	-9.73342112702722	-9.30635122087686
X2_14_22	4.7664633648862	-10.4517616856915	-7.68066945816429
X2_22_23	-13.2242228812374	9.12981062273138	6.01482807161881
X2_11_23	-5.53678383764518	4.70889770184339	9.34177927697213
X2_6_23	-5.48204966635301	-6.89308428962	-1.21900183031915
X2_21_23	-17.3085829682582	16.4636551354637	7.38415640516797
X2_20_23	1.65039343052154	-7.65597901260936	-3.04159736128305
X2_10_23	2.0399102027541	-9.23174216092768	-6.90398234751375
X2_15_23	-10.7769597154789	7.66390395176045	8.47103249191647
X2_17_23	-5.5966827063097	0.295713821523773	5.97000259299098
X2_9_23	-13.6153467166014	13.8867731085219	7.03275258984818
X2_18_23	6.50109266983392	-12.0387185356672	1.30471718041112
X2_19_23	3.36013249183601	-7.25724019176167	-3.89754764496662
X2_27_23	-6.79547620031374	5.21820549521465	7.3137580647099
X2_28_23	2.06083519790562	-7.65725803311737	-7.69613582648623
X2_7_23	-14.835861592601	12.8058156197587	6.85264053460051
X2_23_23	-14.9944105995118	10.8730214591525	7.36611419755231
X2_26_23	10.1374973594482	-5.2872622493245	-5.97311824546772
X2_13_23	-2.48244027631846	15.7792771837257	-3.03506084919726
X2_12_23	8.99637189052173	-7.98917855656299	-5.86923047630255
X2_24_23	11.3520651205319	-14.9174618607377	-1.69985687490204
X2_16_23	-0.872862188642554	7.33981428524868	6.31997359711731
X2_25_23	8.42099898214963	-16.7314556017409	-2.12823268501112
X2_14_23	10.076829813641	-3.45220622647603	-9.30248064153117
X2_11_24	7.40655166764569	-11.1927168765197	-7.80966072239521
X2_22_24	-4.93714360420617	-0.483268250188912	4.94728385903202
X2_19_24	11.9630135154774	-14.6492916435688	-1.50003166816066
X2_21_24	7.54098588284342	-16.5978454928659	3.25862873167052
X2_10_24	7.46145091969032	-17.3272096708736	-2.63204155670214
X2_18_24	4.27403618974098	-16.7675700824989	2.53666082166222
X2_20_24	-3.58594886150848	-3.88404311500486	2.77704245669919
X2_27_24	-5.20117626750038	-6.30472159473826	-0.829716127632873
X2_26_24	0.356389617642878	-11.5258332498847	4.83887146682179
X2_23_24	-4.74625020742435	-0.986453280326259	4.57934168147839
X2_17_24	7.59335301633406	-13.2180147231476	5.39428022961513
X2_24_24	-5.82254809974497	5.63567564932964	-3.21912656380062
X2_7_24	-14.6945673364046	12.5817000188959	7.09748740522735
X2_16_24	3.35854584161541	-12.2514979158142	3.9120926518556
X2_25_24	-11.7273620411415	8.09447449615358	6.21008837919838
X2_15_24	12.8334011923935	-12.7961759486698	-3.55064170927787
X2_12_24	5.94077411121694	8.52990210540264	0.94737784559953
X2_13_24	-3.46487029211146	15.7008077767401	-4.79811497136115
X2_22_25	-1.18193632467196	-11.4968773219423	6.35796294679081
X2_10_25	12.3867007453557	-13.4109742041897	-2.84156585889498
X2_11_25	6.78197197357427	-11.2240057540777	-7.65172444021324
X2_21_25	-8.08690776607131	7.42198973715141	-0.41378691330362
X2_17_25	0.81554139475222	-20.4623265355409	-0.514705562052305
X2_8_25	-5.49110203102832	3.26028789074053	2.67987365008077
X2_9_25	11.1759594175663	-17.7139085992403	-1.61082144000336
X2_19_25	-3.09913483534974	0.484078472886747	1.58801225662878
X2_26_25	4.0636396302045	-19.769315506406	-1.4646442866864
X2_27_25	1.43050221702033	-10.7077323676916	-4.49018873085258
X2_23_25	13.1602157812518	-7.44470555498591	-4.1488065605375
X2_18_25	-6.02159515312406	5.01007350948959	-1.66047541425413
X2_15_25	1.77162237065314	6.23813226768109	-5.70924208607065
X2_24_25	-19.6054192299305	20.3129438247198	8.64455377547522
X2_16_25	13.4836301411241	1.92877821894581	-4.52846825261134
X2_25_25	-9.04671435256269	5.82874863294319	4.38739176158642
X2_21_26	-7.29197459407651	2.70448128790572	4.95689737562368
X2_17_26	-5.18410705345134	1.95275156346093	1.72075338109435
X2_18_26	-14.4268697348322	11.4214952557815	6.49273510448421
X2_9_26	12.9656004868821	-14.471504867842	-3.67596882096093
X2_20_26	-17.539993324026	16.7150967864673	6.39702238566234
X2_16_26	8.3532759088753	-8.97825973611264	-7.14845144819918
X2_14_26	1.25586262661835	12.8659509241413	-3.81072170558487
X2_24_26	11.7709473620118	-14.8286222145508	-2.49383804842639
X2_12_26	-2.17247344891365	14.4369698002162	-5.71609924303387
X2_25_26	-2.71813325102497	-10.834079793681	-1.41253385691171
X2_21_27	10.7148617167993	-15.2506874744802	-1.79854998617597
X2_20_27	3.89923217308611	-17.8463099265687	1.6762884850222
X2_18_27	4.70013610408619	-6.8916926144727	-2.58733751170819
X2_19_27	3.60300400100492	-17.451002641103	2.27278723836742
X2_17_27	-20.4953182427382	19.6356767161385	8.29652194620219
X2_16_27	7.14130896328413	-10.7761256486815	-7.46537458999406
X2_13_27	-0.176714821948353	14.500150136686	-2.62327760903942
X2_18_28	10.7295847855847	-16.1855284377985	-2.0752625553112
X2_17_28	12.7135145512058	-13.384984177547	-4.162415875826
X2_20_28	1.28027140805878	-18.6119838692029	-2.66426250961932
X2_19_28	3.40151559374236	-10.3502669995271	-4.13881510403371
X2_16_28	17.1578687661494	-3.72458702251948	-2.88393728594824
X2_14_28	-3.01402866605187	14.8339310816327	-5.28057239715577
X2_15_28	1.9272514235858	5.07125043734592	-10.0549181166064
X2_12_28	1.101106764969	4.27813901887342	-3.13645089186922
X2_13_28	-3.05675031230361	11.7878049650796	-9.12155032908346
X2_20_29	8.45333302573115	-2.07512119084163	-4.96010263752252
X2_18_29	14.2221135582174	-11.486167662972	-4.41027152846095
X2_19_29	7.70244249906541	-16.440253602895	-1.49364241865891
X2_17_29	16.8231061201599	-1.94420841017866	-2.29690844215073
X2_14_29	12.7557588115078	-0.184767021643085	-3.02974477287304
X2_15_29	11.8493610097621	3.06843633695266	-5.57570910781232
X2_19_30	6.73828025443173	-0.684493375698862	-4.76771990402094
X3_22_3	5.23194555325196	-16.5147418339931	4.76083786963543
X3_18_3	1.12953225199457	-17.7825077562957	-2.07091451324658
X3_16_3	-1.03578821589277	-7.97060468923067	-0.927350511128359
X3_17_3	-0.57108232314261	-13.7597135854939	-0.851525825369231
X3_24_3	5.65929535626345	-17.1943826304751	5.56691618964647
X3_15_3	-2.57514050624096	-11.0230178929208	-1.36188124655374
X3_14_3	-1.28309728090765	-7.71314578954058	-2.80747109771635
X3_23_3	4.0072210020217	4.27766153585149	-7.7822821388718
X3_13_3	-3.70588601967689	-12.8289192819509	-2.16911910712291
X3_21_4	8.32926356005182	-14.4205672543497	4.79537816252523
X3_22_4	-1.8952707141739	-11.5165158420869	7.17319701245653
X3_11_4	12.3272702886207	-11.3711298082505	2.6144164132282
X3_20_4	4.1486621859183	-18.2414041615913	2.53065574539269
X3_18_4	11.0131112476563	-5.81818346254679	-1.14360623541441
X3_17_4	-17.8453785373333	18.7328197638413	8.8467890584541
X3_14_4	-4.820703936472	-2.07723797965236	0.728322326969302
X3_16_4	-16.183383322418	16.7742475627068	8.76813548299091
X3_23_4	2.73441437012552	-19.0857495422107	1.5126872807609
X3_12_4	10.1343078227712	-3.4989279559144	0.331549141018112
X3_15_4	-8.79016852820728	6.33906719060231	6.04565430574821
X3_24_4	4.57497129764936	-18.1040296900894	4.49867479342744
X3_13_4	-5.76712481642677	-4.44623468086373	-0.012321909631487
X3_22_5	0.634753571874605	-17.7079365456303	5.79647692406233
X3_21_5	-0.225592793616429	-12.8039043624579	5.96132189949081
X3_11_5	14.1437849454687	-4.17685877772213	-0.492680428161634
X3_20_5	-10.4960100667428	6.31762290210432	5.57830950126028
X3_19_5	8.86227220058618	-15.751098230116	4.09462695579516
X3_17_5	9.08365959146678	-10.6686890858996	-4.96489717636884
X3_10_5	12.1416100252454	-10.8140504241008	4.1416487760245
X3_25_5	7.28502018175387	-14.6108647734191	8.20484460337849
X3_15_5	-2.20113883417585	-11.4062173731635	-4.39859574440235
X3_14_5	-2.04535356545874	-8.91644742102885	-1.89632692905763
X3_16_5	-4.70915164694535	-0.200985231430874	5.42944465418229
X3_12_5	13.3511124560889	-1.22492469613932	-0.236938879370234
X3_24_5	7.08099454519542	-14.8791677465433	7.21672925628815
X3_13_5	-2.57540052309845	-1.39469918331676	1.3061627464263
X3_23_5	4.7774957490742	-16.3474419265999	4.12626787896346
X3_11_6	-2.01808091302573	8.60934455376356	6.12613844879139
X3_22_6	-6.58281018942016	-2.22872794306609	3.10517390249498
X3_23_6	-18.7875674267942	17.2695924002373	6.4735293895003
X3_12_6	10.0122121142834	-0.922788125824241	-4.02150471487274
X3_26_6	5.55666684551682	-14.144114246488	7.76414611883825
X3_10_6	6.03857360430554	8.91651723555075	-8.21476833351247
X3_25_6	6.80327277368862	-14.6851115856098	8.17870594408969
X3_19_6	13.092894001782	-2.21405178894934	1.01669246683348
X3_18_6	5.26916405953158	-11.2710595027104	5.89928033575221
X3_13_6	7.6110575259317	-0.723624579158947	-5.66022785503506
X3_17_6	-12.0515942466713	9.45350518985149	10.665763322317
X3_24_6	7.22816354172082	-15.5799993939116	5.60820496994121
X3_9_6	12.5753902775462	-6.14656608096438	-7.18093627485483
X3_15_6	-5.56609831419276	6.1243245229368	-3.51431467837863
X3_16_6	-15.3888041139195	11.9172861483994	8.84342883987225
X3_14_6	3.30348073136808	-9.59441940173953	-1.49325721578717
X3_11_7	3.26763685695596	3.61165437826437	-5.19248962800465
X3_22_7	-6.15305539847369	-1.75756730834907	2.5499231435135
X3_21_7	5.460976407937	-12.8608850488866	5.73807225950712
X3_10_7	7.64742166756414	-11.0921147007599	-1.92796229961036
X3_19_7	-5.65997613630538	-1.53622829745659	4.76786999366218
X3_20_7	6.19253611904018	-14.8954143978853	3.85143419976793
X3_27_7	-8.60453508213123	9.57734045187898	-0.206016348157754
X3_18_7	4.14733084301941	6.24829568462738	-6.79409792024178
X3_17_7	-10.7425105650004	8.44243591347169	6.24845978039014
X3_26_7	-6.27228164766988	11.1233962474948	-5.7413202369302
X3_16_7	-17.7899357631895	17.414377879811	8.97157912179991
X3_12_7	1.20467800078391	7.72666532724018	-5.27526817162227
X3_15_7	-19.2240257204494	17.7388583697089	8.06956368223733
X3_23_7	-12.3537515775374	10.9713777801286	-0.476777610516151
X3_25_7	0.570386645949431	-12.932723879027	10.1020771142422
X3_24_7	-1.79269212209955	-12.2499190850986	6.98598115957163
X3_14_7	-3.00098473935173	11.8266727564272	-9.2943231367516
X3_13_7	13.77100018784	0.212815970566107	-5.23333142747104
X3_11_8	-9.90966770509285	12.8433164362411	2.44850153737881
X3_20_8	12.2207252000648	-11.1825903654222	2.78759069953565
X3_10_8	5.97395657738053	-8.6060449658257	-2.67298494768284
X3_19_8	5.67530455016533	-8.57586914939633	0.968821131098525
X3_12_8	-1.3147163290289	9.80726265333024	-5.329942935819
X3_9_8	-2.82196993101885	4.9891253729951	4.88094051523123
X3_17_8	-18.2079723687792	19.2690424975557	7.26340839494901
X3_26_8	-10.6680040180381	11.813271119973	-3.57000965989932
X3_18_8	9.23584830616474	-13.8752201511243	5.02775817054563
X3_27_8	-10.4437080368467	9.28995324766388	-3.52155690257476
X3_28_8	6.02503435855108	-17.2208390128899	7.68244380509558
X3_25_8	6.54612053009827	-16.2856453018139	7.03587641981308
X3_15_8	-12.7152379286606	9.31550626099612	6.32337214365484
X3_14_8	-9.79043915242699	12.2695001877896	2.44201633854374
X3_13_8	1.3040952771491	4.04549297643871	-3.00994933280341
X3_22_9	5.03270689580724	-16.4426448168559	6.39191933135882
X3_20_9	4.51449855692397	-17.9936152958379	4.45748551685608
X3_28_9	-10.0343038225305	8.01970405428714	-4.69892050828142
X3_21_9	4.83396416392891	-16.0271984066353	5.61990693531254
X3_9_9	15.1049111247453	-2.37203336281758	-1.67045028313935
X3_10_9	1.10921338461853	-5.70939630885384	-0.681332977628058
X3_19_9	7.46347248280534	-13.3086234010732	1.28482623669598
X3_24_9	0.364430917425889	-12.9323863866305	9.87303159953639
X3_13_9	-0.30375187968136	12.085926682908	-6.76111704459477
X3_18_9	-0.294559123345516	11.5274436850994	-2.17379278224596
X3_17_9	-9.2590061954827	11.6611175374291	5.18227444404321
X3_26_9	-10.5413929022326	10.8471559171897	-2.89838820703856
X3_16_9	-0.566269102015071	9.92056829530901	-5.3655821699406
X3_15_9	-3.29402409375356	13.5144658786437	3.66141608247042
X3_12_9	8.34543276844842	3.5985006038533	-3.19339673552235
X3_23_9	6.20770749036169	-17.1195049007698	7.01607015820501
X3_22_10	-2.19981493209071	-8.87621079754825	7.87880739211142
X3_21_10	-2.90527549662151	-9.34219464109035	8.34980069686862
X3_11_10	-10.47883008568	6.48497856348784	10.4474605820529
X3_28_10	8.20106160975512	-11.9833371039157	6.75439358600338
X3_10_10	-12.6760006158275	13.5677095336238	6.82583386421198
X3_20_10	4.03284379720766	-15.2031713418575	5.36301212374306
X3_19_10	3.25851239839168	-17.1145148405231	2.86559002974614
X3_18_10	-10.6719950028609	8.59107811863007	2.81048598346293
X3_25_10	-8.44111056783138	17.1505193923844	-2.18175722059133
X3_23_10	1.40713546833853	-17.917224931882	2.1276881326054
X3_17_10	-5.47455654586214	8.60437873049539	1.51743767120081
X3_9_10	0.983765433938842	3.92794989904799	4.80520642711743
X3_16_10	0.3367439039434	13.0185836676645	-2.21732314129541
X3_22_11	-1.37806871223378	-12.5007613005809	6.09565591729599
X3_11_11	10.0635382311839	0.153919662085606	-3.5134846641991
X3_21_11	7.72773215229491	-12.7507394958762	6.30044400955492
X3_29_11	5.81575684124154	-1.95319191155039	5.25395999980378
X3_20_11	8.19668010744817	-13.9544810214998	4.10024196060236
X3_10_11	-5.9902212893928	0.626081998181047	1.23914344574922
X3_19_11	-6.86325154127508	14.9606099276859	-4.33171769759016
X3_26_11	-11.5617825102622	9.7055492790027	-2.87964756319191
X3_16_11	4.10117746902456	-5.07060446062266	-1.44961767335935
X3_18_11	-0.368887213757646	-10.9605994066126	0.238145894654378
X3_27_11	6.28891374510843	-13.9100932895634	7.21471557265663
X3_17_11	-5.35555928137822	3.56805313736587	7.60076067533715
X3_23_11	5.21261590304116	-13.2454816996619	5.87056871553846
X3_25_11	-9.92912098082113	13.2285576435945	-2.58422160475003
X3_8_11	-4.05305199327637	5.43826860665151	6.43671377619694
X3_9_11	6.98856377430202	-0.963501328234623	-0.512500857064219
X3_12_11	-6.33875292432973	9.59927306600067	-4.95423027785714
X3_22_12	2.38671038913347	-16.7331917424661	4.36614550387163
X3_11_12	11.3683241681803	-6.60552298305037	-9.18143968843211
X3_21_12	1.61573262626423	-18.2560721280547	4.54808726142913
X3_27_12	1.02946008127442	-12.0113450497237	-0.208552598548279
X3_10_12	7.96537098928297	-11.7728711743219	-7.6131104820628
X3_20_12	9.33382970458714	-13.2922468446239	4.90619955488685
X3_29_12	8.93045746533784	-12.2549339956519	0.902194740796098
X3_18_12	-6.90949539473263	2.11569905007371	8.46695172488142
X3_28_12	7.45307129258559	-13.4280486491293	7.0171359767892
X3_19_12	-0.361890476612367	-16.2091702953109	4.95183249173891
X3_8_12	-4.9846457473513	3.45432857160668	7.83951622792466
X3_9_12	-11.4277797597247	8.79407018335002	4.53571926233646
X3_17_12	-2.63510035552947	16.3322869433694	0.344529910758235
X3_16_12	1.85144574094779	12.7584346094193	-6.81740769974267
X3_12_12	0.979697969231093	6.45280032673937	-5.42280833012493
X3_26_12	3.97226883129127	-17.9659648224965	4.06038410366716
X3_24_12	-7.29568308114972	17.4849056867557	-2.6465094726762
X3_25_12	1.03837062938525	-15.4518170402152	7.1471448941785
X3_23_12	1.93780359657228	-15.668599236355	5.81001654757775
X3_22_13	-3.29864209715164	-11.9418551511415	6.27447619575114
X3_11_13	4.45769686458396	5.10711663105995	-5.61639625176892
X3_20_13	8.38653957800859	-15.2084821525193	4.68211321765812
X3_21_13	0.268297695301584	0.507504426872511	-0.390397827593286
X3_10_13	1.6931458438988	7.5372836596731	3.05526012194271
X3_13_13	-5.49906246805781	13.7559959043445	-1.76511458810952
X3_19_13	-4.38568609888471	6.99594896793384	-3.86516075012421
X3_18_13	-6.30848215822559	2.7726705075912	9.87801916227124
X3_29_13	-2.72282832064023	-10.6358461596757	6.91421559609485
X3_9_13	-6.42445290941829	9.76491099982175	-4.90294159880589
X3_23_13	-1.58452920418101	-15.8715318815238	5.32800265910633
X3_28_13	-3.10394218003899	-12.4404881957625	6.01957251550359
X3_8_13	-0.744240265646718	9.15256721371197	-8.54159732539119
X3_16_13	2.83197481455059	12.2020759007188	-6.73220929573464
X3_26_13	-12.6303024391012	10.5049395916806	-0.457823582576466
X3_27_13	2.16184493451649	-18.8311045199912	3.36868248732769
X3_17_13	7.50172099657067	6.68507049675406	-6.28591135818722
X3_25_13	-13.5401285849986	8.78120981505057	0.517762071785252
X3_12_13	1.95711073619512	7.52315280754526	-5.27305998399798
X3_24_13	5.01931689596564	-14.1738553881364	6.26474727554148
X3_30_14	-15.8129723907505	10.2603947841253	6.31410568712495
X3_22_14	-12.7570350426729	10.6606245171749	1.43731999888947
X3_11_14	7.92455367527646	-2.76519092967596	-4.43110233516039
X3_17_14	1.41200592408326	8.68233269053064	-7.78908003328812
X3_10_14	-13.3475094445148	9.0470804793211	4.86298044688592
X3_21_14	-3.73013014029598	-8.80235245147106	8.70136339025809
X3_24_14	3.51602033768943	-16.9183115312594	3.69906088740565
X3_27_14	-1.18491633901969	-12.5280139101292	4.09490132837081
X3_23_14	-2.9558002391239	-14.5222589280543	5.48697071396786
X3_26_14	-14.3018093293259	9.04151415059841	1.92438868784228
X3_25_14	-20.6158416858326	18.6763586677223	6.87822532492413
X3_20_14	5.09178414786701	-18.6707807355415	2.141541762523
X3_8_14	7.51390712457799	0.997067379031834	-7.53513359635999
X3_16_14	-15.1354194154485	16.7839670284288	5.56386984957094
X3_9_14	6.52622128157174	-0.659041368559551	-4.98633521000542
X3_18_14	0.241199804959384	11.3620182876376	-3.09116310359191
X3_12_14	3.28056229946464	9.4119492192757	-3.6907568190524
X3_9_15	3.34097063460094	8.48854713894306	-7.26651497201973
X3_22_15	-6.30779694846015	-1.67771132654892	4.81755520328578
X3_11_15	5.90139466920335	-7.16581446488043	-6.62132880481379
X3_10_15	-3.25411516354584	4.99133090273495	3.22063242449072
X3_21_15	-8.6944071974525	7.65607925740032	-3.69317388592248
X3_8_15	1.43943319029726	5.1002757310988	-0.604399797042085
X3_20_15	6.37051261785806	-17.4225891733628	4.1789953258997
X3_27_15	-1.78141610996622	-13.8055448861546	6.06812761007912
X3_19_15	2.04071203045307	13.4341302349345	-4.15831880758503
X3_30_15	-17.194054429327	11.048002536423	8.30012214779967
X3_17_15	0.960171566973929	9.31504670183038	-9.65150194078982
X3_16_15	1.63815049851608	11.7646394268779	-5.95221257056605
X3_26_15	-0.508213468381204	-14.1988674203554	6.80384404725893
X3_25_15	-12.7870882093287	9.8485922618866	-0.5605036186725
X3_12_15	0.324112590668827	11.1777329534081	-3.5848711594962
X3_24_15	2.52471149754384	-16.2235943933557	4.83652116842562
X3_23_15	-2.14225710160486	-13.8247676138733	6.20214589143843
X3_22_16	1.2661983066682	-17.5650749805032	-1.27433791059159
X3_7_16	11.6276033829153	-11.8019681253954	-5.80123310242782
X3_11_16	-2.71100394541815	1.06166468387106	7.53490960695051
X3_20_16	3.80036742504401	-19.0493564139099	-0.0214780110466008
X3_21_16	-9.07892219726436	5.0181299311931	1.95104137242833
X3_30_16	-12.5086828759954	14.1745599594296	5.36000707953158
X3_29_16	-14.7992671022378	10.0573045457248	6.62250410826498
X3_27_16	-2.96821269354945	-10.1705243662247	8.24729840903688
X3_10_16	-9.97793968416048	6.79617631223127	8.68251160567968
X3_26_16	0.864846280146241	-14.816278531355	6.9437500261872
X3_28_16	-12.1242429100383	10.5240916118266	-1.26280575074746
X3_9_16	-0.444772257021573	7.12555486319318	-5.42870426649268
X3_19_16	-0.0170548294019834	4.82805684799165	-3.24782257169804
X3_17_16	8.38716457237739	6.62009968815068	-6.43038177628271
X3_18_16	1.04644900904494	11.6868763458672	-3.34195000913272
X3_13_16	-4.03761235624545	7.59871779157743	-4.0963424935788
X3_14_16	1.25512693128896	12.7988640151257	-3.98380135196613
X3_23_16	-2.61977777946063	-13.049993080364	6.18327732660258
X3_16_16	9.16318395241508	5.60617581171254	-6.50031284172277
X3_8_16	-6.26578771217945	5.10838078487237	9.85847285033291
X3_15_16	0.364426405186039	9.59749125579194	-3.8362420449229
X3_25_16	3.60085788532562	-16.5255023687444	5.16852899572366
X3_24_16	2.74972780441704	-16.4114786584001	7.2642175821676
X3_12_16	3.18231983625994	7.88389261818772	-4.20689465715889
X3_11_17	5.70634116940801	-6.9737790567163	-6.84015302133906
X3_20_17	13.9460876771493	-2.89773298116592	-0.608302330252608
X3_25_17	2.24331961402214	-19.6934612621545	-4.24142859388858
X3_22_17	-8.41045739821142	8.47331033040758	-1.69622459920669
X3_18_17	3.48490163049731	-7.6809020714447	-4.72490744262727
X3_29_17	0.637083696620703	-9.37965211375525	-2.09264761576214
X3_21_17	-18.6753067468291	19.444248775572	9.05636972182333
X3_28_17	-2.03241506885872	-8.79073540412717	0.0319903800858501
X3_19_17	11.0238394731658	-1.82475372593436	-3.21443106484783
X3_10_17	-0.336158231016165	-1.04373760109208	8.98111788032928
X3_27_17	-19.8116102479085	16.7203058419929	7.5005426857443
X3_7_17	11.3527061119092	-7.71682418257637	-6.88938933630964
X3_9_17	-15.1831423408887	9.71144964144053	12.3544034157111
X3_23_17	-9.9354153032885	7.59680142014358	1.70702505286616
X3_26_17	9.92458185860503	-15.9496242814588	-0.473895173118169
X3_16_17	9.09494308528576	-4.78107401589977	-10.0849410776543
X3_12_17	10.0294075176636	-0.920228671152342	-4.86435118568643
X3_17_17	10.82666986264	3.39377509087516	-6.46580699806721
X3_15_17	8.95779129916253	-2.72002846819588	-5.22443305383486
X3_24_17	0.408154196945652	-15.8787957154989	6.9427740982369
X3_13_17	8.94954946159771	0.30684994181751	-4.18459697212346
X3_14_17	13.5731678424813	-0.530780081138168	-0.788119294863557
X3_22_18	5.27298765518954	-18.6327425461012	1.85246034743832
X3_11_18	5.91245404505527	7.7445693101414	1.22940518696281
X3_21_18	-14.1080270488157	8.14094763217639	13.3221938711333
X3_20_18	-10.7956732302095	3.61121835896947	8.52638053706892
X3_9_18	-10.6662747421192	8.41484247216492	9.54348025133206
X3_10_18	-2.17876315961807	-10.0457471496295	-5.38981837862931
X3_19_18	4.69830375343588	5.80357364631197	-7.45260628844342
X3_26_18	5.50977661921938	-18.1314521534487	3.02762683883768
X3_17_18	2.9164009211114	7.46331535652846	-9.01750854610137
X3_18_18	11.3148544193734	4.24296433773762	-5.70043930224031
X3_29_18	8.70915449594291	-16.1912322073368	4.41060137921171
X3_16_18	10.2581593099845	4.78428987387772	-6.69658686667537
X3_27_18	-20.7687021419559	19.6484572329726	7.69287097473262
X3_8_18	4.43344007292636	-10.6164994628813	-6.9870478815276
X3_25_18	2.85504318790349	-18.0901438818302	3.68842492514371
X3_28_18	-12.953400828477	9.65251426218028	0.5463703103733
X3_7_18	3.46751498958238	-11.2826094726229	-9.92828270267947
X3_15_18	9.82169434515523	3.89694918728664	-6.85449771555624
X3_13_18	3.21323523270638	7.61356224076561	-3.443816338753
X3_23_18	-18.547172986523	13.0151757551794	6.43674610235832
X3_14_18	-4.99933114715013	5.70047060012668	-4.25601325617809
X3_12_18	14.5784187839572	-5.95598734275341	-1.87249739819794
X3_24_18	7.48605663392176	-14.66779704309	8.37927083998401
X3_22_19	5.13714982473087	-15.5261870861953	5.58374557882852
X3_21_19	6.02323056681793	-15.1529807174399	5.94026326451117
X3_26_19	5.92098737507447	-18.3396062671504	3.14583376842307
X3_28_19	-18.7716477809482	13.8690844473618	6.19509137206388
X3_10_19	-2.44633735789964	-13.6246145571107	-9.0678347837769
X3_11_19	8.99375404220721	-0.243180765138522	-5.38248448330281
X3_27_19	-12.4350960495891	11.0946079199483	1.03638171269976
X3_12_19	8.65539425695541	-10.1617706621776	-6.12622985648922
X3_24_19	3.32102732446711	-17.8090569642988	4.65868996276615
X3_25_19	3.4532947710833	-19.3716204298708	2.76985561557153
X3_15_19	7.51104649374049	-1.04012435913009	-6.85859786259507
X3_23_19	-19.1271627565461	14.3124166046763	7.01455961566397
X3_14_19	7.88728045005761	5.08877360966038	-7.21534788381495
X3_13_19	9.47238057727026	-1.43105363245282	-8.32187969953856
X3_22_20	6.40252229729397	-16.4585088274634	6.22573924988991
X3_21_20	5.92077176719633	-18.6220492970689	0.820904226082013
X3_23_20	-12.6719621995334	10.825656077002	1.0272838129655
X3_28_20	-14.0845977943251	10.5147230598163	1.25514787816316
X3_27_20	-2.58216150711998	-10.9610880322154	7.5260500099755
X3_26_20	-1.59869056660692	-12.9158648219304	6.32765485924409
X3_25_20	0.136277554492997	-17.0926791770079	7.3006458665224
X3_24_20	7.51786024448204	-14.4952926866166	6.95360038301198
X4_20_4	10.3916764926291	-1.31064806834593	-7.81951526943533
X4_19_4	8.4848979388587	-3.22659698319542	-9.33254792594246
X4_21_5	16.5149867577528	-6.32291085058248	-2.96005982221385
X4_12_5	-2.33197960815918	8.45683877188605	6.26463587205044
X4_18_5	2.37492892114109	-10.0009001984872	-10.1117073862267
X4_19_5	2.26269918440911	-0.663033203565393	-7.10899668639103
X4_20_5	5.79043355352676	-16.2537373073511	-7.76053027210457
X4_17_6	8.41353177071062	-11.1694406481813	-10.7343509209056
X4_22_6	12.0768222080766	-14.0176997439273	-3.97111123533251
X4_12_6	-8.69570465303114	6.59532700692287	4.77115295528918
X4_18_6	4.35306099582835	-16.4587016992029	-9.22567217956213
X4_21_6	11.3012199959694	-9.8748237375204	-5.19230334512516
X4_11_6	2.56065132075972	-11.8267415911189	-8.49760322440983
X4_13_6	-15.8232471113269	16.8773845475714	8.36074618177115
X4_19_6	-4.70817954623284	-13.8977670146682	-8.11940845841571
X4_14_6	-11.455834178659	12.2691675863901	7.76420844786351
X4_15_6	5.66142536798142	9.41684809530517	0.560722263415749
X4_9_6	0.0642426685018724	-10.3508243655609	-6.83084647498138
X4_10_6	1.94554766746295	-10.7063240602471	-7.79178866584641
X4_11_7	2.93385100192037	-6.53190336658076	-8.74472333336288
X4_22_7	15.153732840489	-6.34291707103176	-3.29930565269589
X4_8_7	0.86301809875448	-20.6396626144582	-3.07562394471372
X4_19_7	1.97387539330151	-6.4480618901443	-9.61212030151446
X4_9_7	1.21911322913552	-12.082561479549	-1.78976777261925
X4_20_7	12.1894934350694	-4.29261492879565	-6.06546884650927
X4_21_7	9.70160179845912	-2.80010974603496	-6.34470758887942
X4_16_7	10.9380579100162	-0.342092114866458	-9.1406558679524
X4_10_7	3.59071668823445	-10.7676784613685	-2.41525415508096
X4_15_7	13.8659636863846	-4.96210152056189	-6.39909837937746
X4_14_7	3.81080690804386	-6.58617754120391	-8.99225767153859
X4_13_7	-4.60718387018482	6.79329599577427	6.78027691471917
X4_12_7	-2.74120459089857	2.53672487763009	8.85312569644799
X4_22_8	14.3685244963907	-8.75631070481157	-3.66479910304589
X4_11_8	0.663225784463856	-14.8166952995225	-6.54247824938489
X4_20_8	-4.19717389094022	7.30445116167523	5.35623706181087
X4_21_8	-18.8571058375991	17.5380764545382	9.9987447882189
X4_19_8	-14.7288521696182	10.2213914314692	10.3743194003453
X4_10_8	1.01284855143659	-8.47196877412882	-3.26628668113958
X4_14_8	-6.95857724734792	4.44032332451693	10.9422531904608
X4_25_8	12.7299093535725	-2.59850668986309	-7.76777481028698
X4_9_8	5.24198821815803	-15.2463997714776	-4.91493642266559
X4_8_8	3.27111157513454	-16.3489448434097	-4.12382990087086
X4_12_8	3.8761679498376	-11.8677913936318	-9.29154283586372
X4_13_8	-3.69450342155581	2.47889137241884	9.80885772514968
X4_15_8	10.0198819692244	-2.74764461875192	-8.52681381110061
X4_11_9	-2.41872613459342	-10.6451685454599	-2.81715962556307
X4_7_9	4.72183644288199	-15.5238145587453	-5.2330893140304
X4_21_9	5.10562718615521	-19.2079241313301	-1.29028219527241
X4_10_9	-1.16659574342604	-12.2345428425008	-4.35094757297625
X4_19_9	3.68745227306911	-6.07438724641582	-8.84409991707785
X4_18_9	14.1000317758053	-4.24269302642444	-6.181324136272
X4_14_9	-11.3879495159953	11.8785265987155	9.05893606596214
X4_16_9	10.9036328000975	-0.658257189911785	-8.56726248546844
X4_17_9	5.91792289701791	-15.8834945285832	-8.73235943972725
X4_20_9	7.65315518054522	-12.2261745334186	-8.25793389270606
X4_9_9	10.0913754679472	-11.5731349325056	3.63700151145489
X4_15_9	8.05016199170495	3.99832954232446	-3.62080510420947
X4_13_9	-17.1995720959997	16.9032601762277	9.33917834971999
X4_23_9	-8.66704925081743	13.7222230340981	1.03083359957127
X4_12_9	-3.77845897323634	7.82044570819495	6.25425717704164
X4_21_10	1.5233141015298	-17.1742681926998	-3.46821880046291
X4_11_10	9.57498707734707	-13.490522927225	-7.527270114813
X4_18_10	16.4449807845622	-3.99765237630708	-4.69443402522566
X4_10_10	15.7482176190441	-5.3116595281758	-4.49723703846048
X4_12_10	-18.2119235203958	18.0784913612376	9.29464455531209
X4_9_10	-3.02363358816124	-3.28371860303186	0.311330681269605
X4_7_10	10.3689995038288	-10.6191739292651	-0.905152948190002
X4_15_10	-15.8035294990906	17.4903107005856	5.72090156648347
X4_16_10	8.74689229316553	2.62023975083366	-3.52835297235134
X4_17_10	9.67831340512113	1.62024808432089	-4.13879562367192
X4_14_10	-12.0158380206126	13.8964014687781	7.99063726256693
X4_13_10	-17.9595749442063	17.9705130658305	9.07508776789511
X4_10_11	-0.704330278941436	0.418119536787277	-3.48848800687732
X4_11_11	9.40953873531845	1.7429607869039	-7.148225740335
X4_21_11	12.3560046048064	-11.6815377685197	-4.85428705423753
X4_16_11	7.45942122954929	6.05151876928385	-4.10009519032824
X4_17_11	13.8916139191006	-3.0585773254375	-2.64659632803285
X4_18_11	0.515525117583768	-11.3505373295593	-9.03579693991603
X4_19_11	9.6929147622618	-11.1110250548039	-9.82865412327878
X4_9_11	-3.03440062542867	-0.991895344812719	3.95462112588734
X4_12_11	-13.9008769865783	11.3557828694262	9.201161449567
X4_13_11	-4.75820394454077	11.6240738783395	6.84376211795385
X4_8_11	1.69346829133842	-0.817675540434671	-2.11608174003554
X4_14_11	-4.943927435085	10.1318232000583	6.32822664887928
X4_20_11	9.42280077802319	-11.0583978774655	-10.2975073787118
X4_15_11	15.9362133908132	-0.662242621048328	-2.17440777116644
X4_25_11	-7.01258853110257	3.79682761574826	13.3855698583918
X4_27_11	5.76443306953881	-0.702775845447622	4.29952262302387
X4_19_12	16.263748452984	-7.45228257815681	-0.659125991286704
X4_10_12	15.241372664396	-3.58949471626807	-2.81712987711244
X4_21_12	-4.18011239257081	5.1156547670151	4.18731928717897
X4_17_12	12.5915566060206	-6.21534041509051	-7.3762212510254
X4_18_12	4.48026512893401	-12.5003726371958	-8.97190006191291
X4_13_12	-14.3184162013705	5.66680632796152	9.42356147795311
X4_14_12	-4.87769728931359	15.9321821289903	1.55599003213223
X4_20_12	10.5189055705512	-9.54667713026783	-10.7522094503027
X4_9_12	-4.66813901676065	4.39937201737835	5.9464836161449
X4_15_12	11.5441732608854	-3.55370111281366	-7.21900579328924
X4_8_12	2.40691650682269	-1.00208030906263	-1.98571303873102
X4_27_12	10.4186283987918	-9.58257994713262	-11.1487662712168
X4_16_12	7.51554807371607	5.881945420628	-3.54311033398209
X4_25_12	13.8150703187175	-6.59465941216359	-7.0635521274625
X4_24_12	-7.66061348978104	6.66943536049941	-3.9828507543349
X4_23_12	-6.65445093335009	17.5621698111319	-3.00018778161168
X4_7_12	-1.96432844621746	3.77614988811468	4.4785857459619
X4_12_12	-1.97501006256423	15.2173319008926	-0.483033239815378
X4_28_13	-2.16725443182115	-11.9980675274882	-9.86424576890857
X4_22_13	-3.70093403399604	16.4616366794934	-4.80630321730593
X4_20_13	8.78337792706968	-11.3138376287513	-10.6432837288261
X4_11_13	-1.90191688376945	7.39302852584821	-3.66933437284047
X4_21_13	-2.82674976223462	-11.8893480279815	-9.09127931647992
X4_17_13	7.59239853510493	6.53423433829848	-2.42589383451518
X4_10_13	6.05220340715226	11.633073172103	-7.15031911549806
X4_16_13	11.1436161116134	-0.615009888232348	-6.16500591299286
X4_26_13	8.54107465803415	-11.8903116770473	-10.8147317089642
X4_27_13	0.653749907557114	-9.53109713997794	-1.84872245745026
X4_8_13	-1.08588374633867	3.01579807432769	4.56749401310604
X4_15_13	-10.880274052564	12.6518487047934	6.92124065780897
X4_18_13	-4.46986195841902	4.16418174735738	8.52441980067943
X4_19_13	8.8089907655671	-11.0843014546799	-9.1727880767961
X4_9_13	-9.96944284145501	9.07819435578109	7.82790397339968
X4_24_13	10.7570621494075	-2.39821800264812	-5.87653906038765
X4_25_13	7.9348243463603	-13.0886705831052	-10.6848546779895
X4_14_13	-4.40881547523344	14.4546736628666	-3.24906931312682
X4_6_13	13.644013355368	-11.7105023658503	-4.49135857980699
X4_7_13	-2.6161464763417	11.663081199712	1.55725346452076
X4_23_13	11.786945620744	-4.37589148544511	-8.48323106208772
X4_13_13	-7.51778172464623	13.5116271505242	-1.32406946521414
X4_12_13	-3.25583420976186	10.9922399052582	-6.50768544462223
X4_22_14	1.44124299957269	-15.9425698356964	-6.86350214501184
X4_17_14	7.34160755025205	-15.2625497933794	-9.55380378498682
X4_18_14	16.2894270469438	-4.54550031143916	-4.82494204494511
X4_28_14	-15.4724415401883	7.05393840764764	11.075426875621
X4_9_14	-10.7056518979232	6.21913746857618	13.2465715694982
X4_11_14	1.13533721680223	12.744920221818	-6.8453619026013
X4_21_14	-4.48422836511975	4.48430277777006	7.72162890898743
X4_26_14	-11.6379262425289	12.6496807339259	7.13960315055496
X4_6_14	11.6388775677397	-1.22717607542568	-7.7344771528237
X4_24_14	-14.7582444894491	5.93659827586619	9.17218578359014
X4_25_14	1.73041293024524	-11.4621926058911	-8.56271213370916
X4_7_14	-11.2605459999965	11.9057622974013	-0.539095688244911
X4_12_14	-5.98814932930842	9.83008785138363	-3.61789154217387
X4_15_14	-2.89108659465003	9.28296673194135	-6.4018045763123
X4_16_14	5.17478109723367	-7.92010183608496	-9.90179376799709
X4_20_14	-4.20563323226824	3.2219160881161	9.01287419467875
X4_8_14	-14.8409282620849	14.3240219730205	6.68077092868584
X4_10_14	-9.27103924037175	7.92519617401506	-4.69345564893319
X4_19_14	9.14148108476834	-6.59525691639962	-10.9901188306848
X4_23_14	6.94573959842598	-0.905464385912465	-0.55796659880993
X4_13_14	-9.78565270253235	10.4281665326072	-2.94591044881616
X4_14_14	11.7175481017054	3.6593025110579	-5.63023927183572
X4_11_15	-4.76123835079206	10.8052591032397	-5.11322602318499
X4_22_15	1.13883320882402	-15.5639942032145	-6.63043081247227
X4_21_15	-13.2282344778097	10.0246970675314	10.2444701499356
X4_8_15	9.20246037962295	-2.98024324532418	-6.16397124882983
X4_10_15	-9.75201627926861	8.07959387924267	-4.57882401593023
X4_16_15	0.665133588337348	14.5835287172162	-6.04830396504708
X4_20_15	3.7536471164705	-8.83884308679402	-9.82021628832008
X4_17_15	-2.93552436220282	13.5378469797548	-5.53240494126537
X4_18_15	-7.20233041581352	1.73678188580388	8.33463305934311
X4_9_15	13.7129876462982	-2.97354084965376	-6.00824798371941
X4_25_15	-2.9738545324063	0.0919426413407244	7.88067093901746
X4_6_15	-0.562390356461917	-10.3492779754517	-0.381308652257064
X4_23_15	7.67507239078088	3.42975551727542	-2.96689714810219
X4_24_15	-15.4322362762343	14.1291808969863	8.58375947099426
X4_14_15	-4.81193487978931	14.618235213292	-1.3204927123087
X4_15_15	-3.70044256381301	11.1470072725815	-5.72270379536313
X4_12_15	-8.20472440012198	12.5159030892584	-1.69156368692904
X4_26_15	-5.13085292081088	14.6945115697531	2.50968083008514
X4_13_15	-8.08401115666854	16.2893137923661	-1.35188180136964
X4_26_16	3.70772113357073	-8.70570762301508	-5.1011204867116
X4_11_16	-5.25455593312701	16.8551072753513	-1.87459000981197
X4_20_16	0.0530979787796985	-18.2050695016281	-3.25813747114107
X4_21_16	-11.9387533594815	11.3732433547032	11.2954416916159
X4_9_16	6.77798151901652	-15.5910693254515	-6.27487900319853
X4_10_16	4.33221436502127	4.73101590104787	-6.24109541750353
X4_18_16	-8.20258265008475	13.7563398446539	-0.954756184844529
X4_28_16	-12.0033140335116	10.7154725783858	4.70837874562077
X4_17_16	-5.48894026418655	16.6852035339236	-2.10244892122409
X4_22_16	0.784604178164219	-8.93867854348039	-6.79185620371454
X4_27_16	-11.2551489767004	11.9220501530841	6.74641217577955
X4_15_16	-5.63781525022092	7.04541139106196	-4.4067589689478
X4_16_16	14.9688105120306	0.245630741805767	-0.360092601617107
X4_14_16	1.17803363954603	14.9380358869811	-6.47187704905587
X4_13_16	-8.37118507321904	7.78713229836625	-5.33897036439045
X4_24_16	-10.8871725535337	10.0787288236045	7.49471864765759
X4_25_16	11.1339801461809	-14.6345304963981	-1.82244535245146
X4_23_16	10.894294238433	-9.76416796222968	-4.84065818429856
X4_19_16	13.4827774738057	-0.0820142634939855	-3.24368473352592
X4_22_17	-15.3599453450487	9.72300857217403	10.8293362121472
X4_10_17	1.84877583436322	3.39032316307931	-5.93944573151303
X4_11_17	-5.86978319686375	15.0612584740241	-1.90397492430143
X4_21_17	-1.18459897725339	-11.4618578082342	-9.01221030217646
X4_20_17	15.3725846612431	-5.60323296430396	-6.64036791478423
X4_23_17	12.1923548046902	-10.212373696796	-6.57230169036039
X4_17_17	6.65562744448286	7.48236240402964	-4.86895842074486
X4_19_17	7.46725198470618	-15.1424767963092	-9.04341705589339
X4_9_17	-1.25794130682237	-11.6410708937957	-4.05004330217806
X4_28_17	-4.37728971924932	6.52119888816416	5.2259174435262
X4_8_17	-4.64768420126897	-1.098739168848	1.40425529871808
X4_29_17	1.79114387392594	-6.39564071950308	-9.57953875295133
X4_26_17	-15.1462718205203	14.4565289384406	9.0385122055979
X4_24_17	1.62648684181536	-5.84792130036186	-0.755782680422776
X4_25_17	5.0396997775823	-11.2973647660161	-7.57912307763532
X4_16_17	-5.46983002584498	6.26687263280423	-3.85496391690716
X4_7_17	0.958005629651572	0.90095247058383	-4.91980636333941
X4_27_17	2.49226187473472	-8.77786029154489	-5.08719421818535
X4_12_17	-2.30421188764982	11.1976435648539	-6.80287187974279
X4_15_17	-0.637735499998098	9.9875135264826	-7.73200340146556
X4_14_17	0.345041870451063	9.48351092626656	-8.13072749000537
X4_13_17	-2.79751285778	14.417782048173	-1.82269791090777
X4_22_18	0.225473016368991	-11.2027412473316	-5.31730322762064
X4_11_18	-3.92802734718213	15.4026075657054	-1.83842262738367
X4_10_18	-2.10434415874922	-3.53694180131894	-0.414035080054373
X4_19_18	14.7030419983437	-1.78135512619937	-5.3818722486666
X4_9_18	-5.19704169123727	1.87225080913943	1.42762026881056
X4_17_18	-14.5528546901388	5.40304335738007	10.6919531095253
X4_24_18	2.14857857715182	-19.3990036711717	-4.70504107119455
X4_25_18	3.2005171485266	-16.3888567768148	-7.34664929862191
X4_8_18	0.896277331734288	-1.07895954437025	-2.19689912526074
X4_20_18	17.1078941895517	-4.18251385237267	-3.99777733049488
X4_23_18	1.78688399663593	-19.8129983934068	-2.39650388461447
X4_28_18	1.26650324238862	-5.75692050771559	-6.85020595656166
X4_27_18	1.42691013710726	7.72502014316944	3.53957577914644
X4_21_18	7.77264296014391	-3.90966362149303	-9.21515056787867
X4_14_18	2.3242153527678	11.6764429997664	-8.67448243703316
X4_7_18	3.13482685268651	11.9121908779539	-9.41910777393929
X4_26_18	-18.1152107466426	13.3829676461443	9.59120804749794
X4_22_19	9.85953907163101	-13.5979768132895	-5.20472314279014
X4_17_19	-0.695362410404801	12.7621035986986	-6.21069760051096
X4_16_19	2.26886926913451	10.506571670631	-8.84491588501699
X4_7_19	-5.35577417072327	7.36773205077129	9.07206542254108
X4_21_19	8.89374348839904	2.71744768579058	-2.95045144182333
X4_10_19	0.750980616744546	-7.26560158201187	-2.55241829226606
X4_11_19	5.6046877822284	10.6720728019941	-7.57486301049155
X4_9_19	-6.40704459547781	5.57078076614769	-1.54141609815726
X4_26_19	-18.5557106142141	14.3072195180104	8.22053218281239
X4_27_19	-19.4021272888395	19.9021281112269	7.05395807105466
X4_28_19	2.11472375593719	-0.215169863617663	-2.51349149787104
X4_18_19	11.8060577612058	-6.60472342672062	-9.4161991385888
X4_20_19	-17.2534971404242	18.1998737617851	6.2368853002185
X4_19_19	6.78819643042194	-15.6815140249238	-8.62418719520674
X4_8_19	-3.53814905274352	10.5037476423684	-5.88357901548103
X4_24_19	1.83559584333897	-19.0073773194391	-6.02732223091928
X4_25_19	-2.19257439869727	-11.7675057767005	-9.57969799267138
X4_14_19	-8.09249538411897	12.3009477394725	-1.89087202567691
X4_15_19	3.85198556143603	10.1439420151782	-8.8327100504236
X4_23_19	5.49354393510627	-16.6832541186058	-8.672785081092
X4_11_20	12.4820417969193	0.506700479895883	-0.331561021650739
X4_28_20	-12.7909002652474	9.57720152752217	2.61738131709683
X4_27_20	-2.13740678772846	10.8198907638272	1.97624389714071
X4_10_20	-8.95533985504452	4.94090949768474	8.59721156929023
X4_7_20	10.9030790551726	-0.591699620912998	-4.1136435099531
X4_19_20	14.5603673559838	-6.42478257750711	-3.14857596175534
X4_21_20	8.23813137803714	-3.81149199370195	-9.20727754091155
X4_9_20	-4.46169569357752	0.884178370033698	4.37536017390233
X4_18_20	15.1889869731322	-2.79664327028277	-2.15347484747011
X4_22_20	16.2108208059739	-7.38382073556672	-0.412976318547928
X4_8_20	-11.0446844881972	9.97513157272725	5.2796052763836
X4_20_20	-14.7140675405591	6.42945951122603	10.9619485322333
X4_17_20	2.99684795259732	-19.4710607970413	-0.945964901576366
X4_25_20	1.84694007686591	-18.4886912292326	-5.07313179761585
X4_23_20	15.655400645757	-7.93985227209691	-0.449345809868858
X4_16_20	10.9323635622255	-13.1855892541558	-5.73483700249085
X4_15_20	4.67151199914163	-16.815198421937	-7.76598978353803
X4_26_20	1.45243126118064	-9.88163934625227	-6.57154517538218
X4_14_20	-0.11063816761547	-0.293139493674748	-4.52604440585682
X4_24_20	5.42511268438093	-14.2015284213089	-9.51249302564639
X4_13_20	-2.38121700269819	6.79376026584218	-3.39962165912875
X4_22_21	8.72300132841262	-11.4707175495106	4.07201817067449
X4_12_21	4.37458214187645	11.9037876893653	-8.39586828227375
X4_11_21	16.3632771447718	-3.02256359313641	-1.6481729086048
X4_18_21	7.32751519513753	8.50590295985589	-8.61263754107073
X4_28_21	-13.3832341194966	10.2771287202556	1.14604083580575
X4_7_21	-16.5912884735999	10.6305192886252	11.1032742356546
X4_17_21	3.45776547145094	10.2901144011633	-9.86856699301279
X4_19_21	-9.15003937609862	7.50012529999317	0.683191381785378
X4_20_21	-12.5574770598489	9.398744590237	1.37133321854684
X4_21_21	6.38321552575696	-14.9463175888544	4.37020046011684
X4_10_21	-3.26955128580636	-8.81733394566326	-3.93958673355115
X4_8_21	-13.1741587533746	7.75277810196416	6.42558107137052
X4_15_21	6.45069366273127	9.57367005247042	-10.0025015007859
X4_16_21	3.58422789749525	9.54032899448498	-8.71423644772379
X4_27_21	-13.3050661033966	8.51092665900846	12.825725721613
X4_14_21	0.509733447000321	5.98240530749563	-8.16347884118406
X4_23_21	5.40358685505701	-8.22038538883395	-0.0119540215649027
X4_26_21	4.70432970786678	-18.9325420350443	0.0471385552445654
X4_9_21	3.52476174177273	-13.5986059662554	-2.39237946168484
X4_24_21	7.89772575847355	-12.4431821178033	-10.5017248429517
X4_25_21	11.5549134254418	-11.9050685546949	-3.28838152396882
X4_13_21	-3.49858734602785	9.56242061129587	-4.6511749033442
X4_22_22	4.74389516089479	-6.41434937853306	-0.480490124280795
X4_20_22	12.3962137852286	-1.1474840084126	-2.68993696081077
X4_11_22	-1.09822899595615	-4.17543467583158	-0.810605939237394
X4_19_22	-13.5308044341875	4.57768275795145	12.2517508009465
X4_21_22	7.03316310996171	-17.3256839230595	-0.3234781826145
X4_28_22	-7.63958293036128	-9.12405635650211	3.22965462140684
X4_10_22	-0.0345856899596478	0.469237070224271	-4.24166164686009
X4_7_22	3.02354879402532	-13.3330781162752	-8.117072490719
X4_12_22	14.0403534087013	-1.05501590639965	0.417185928431124
X4_13_22	1.10479728295565	9.49326461362708	-6.2486687630583
X4_27_22	-18.9789405456445	14.0262362828885	6.36969944645688
X4_9_22	-2.0922718552081	-6.91998436870316	-2.87364171420441
X4_23_22	-14.643285276362	9.28957964851215	2.27171583293134
X4_26_22	4.43898906002103	-6.66879110894071	-3.35854036680998
X4_24_22	15.6603857966953	-4.48390116989946	-1.31955249763023
X4_25_22	9.39310924104388	-13.6541504878472	-4.75552556931353
X4_14_22	4.71199924145558	10.3829772900448	-8.79980649929685
X4_22_23	-2.79302905989347	7.38704763458092	-7.30027765554209
X4_11_23	16.7047780095959	-3.26094772259342	-0.834558560361665
X4_21_23	-5.3970563847811	14.7657236454029	-2.12865014574067
X4_24_23	-7.83145890123993	9.91044255931009	0.0290448634079517
X4_27_23	-2.28261156964807	-9.06167951432995	7.75145549398668
X4_23_23	-9.99861647902476	9.53650834981195	1.31603191338746
X4_20_23	1.50780339862103	15.5509096015884	-3.94443143758545
X4_8_23	-2.62231676141488	-12.9698558559721	-8.94818554481483
X4_12_23	9.19534778574733	-12.5143784310975	-2.92761159529544
X4_7_23	3.39405046467736	-14.5036624050179	-8.76897930107528
X4_10_23	-11.3300858664538	11.2737958903209	-0.948703894793643
X4_26_23	7.90750879021005	-15.7208310716758	-1.33536817241503
X4_15_23	3.60393972148494	10.574875068038	-8.93289081723753
X4_9_23	-3.80931347167544	-9.47502989545608	-3.85637633105811
X4_13_23	1.53250764982076	-14.0425821713784	-10.6140423733167
X4_14_23	2.46224655711431	-13.2218507092343	-8.14821274383405
X4_25_23	11.5360765308207	-9.4945652892503	-2.55735911141846
